1
0
Web Plot Title
50
10
0
0
0
1
19
6711039
13434828
0
0
1.0
0.0
10.0
0.0
2.0
2.0
16305656
0
25
15
0
0

25
15


1
0
Web Plot comment
50
90
0
0
0
1
19
6711039
13434828
0
0
1.0
0.0
10.0
0.0
2.0
2.0
16305656
0
25
15
0
0

25
15


1
1
(New)
1
5
0
0
1
0
13
16305656
6684774
0
0
1.0
0.0
10.0
0.0
2.0
2.0
16305656
0
34
5
0
0
Raw values
25
15


1
0
Web Plot Title
31
27
2
0
0
1
19
6711039
13434828
0
0
1.0
0.0
10.0
0.0
2.0
2.0
16305656
0
25
15
0
0

25
25


1
2
(New)
85
20
0
0
0
0
9
13421823
6684774
0
0
0.5
0.2
10.0
-180.0
4.2000003
10.0
13260
0
25
15
0
0

25
15


1
2
(New)
85
20
0
0
0
0
9
13421823
6684774
0
0
0.5
0.2
10.0
-136.0
4.2000003
10.0
13260
0
25
15
0
0

25
25


1
2
(New)
85
20
0
0
0
0
9
13421823
6684774
0
0
0.5
0.2
10.0
-90.0
4.2000003
10.0
13260
0
25
15
0
0

25
25


1
2
(New)
85
20
0
0
0
0
9
13421823
6684774
0
0
0.5
0.2
10.0
-45.0
4.2000003
10.0
13260
0
25
15
0
0

25
25


1
2
(New)
85
20
0
0
0
0
9
13421823
6684774
0
0
0.5
0.2
10.0
0.0
4.2000003
10.0
13260
0
25
15
0
0

25
25


1
2
(New)
85
20
0
0
0
0
9
13421823
6684774
0
0
0.5
0.2
10.0
45.0
4.2000003
10.0
13260
0
25
15
0
0

25
25


1
2
(New)
85
20
0
0
0
0
9
13421823
6684774
0
0
0.5
0.2
10.0
90.0
4.2000003
10.0
13260
0
25
15
0
0

25
25


1
2
(New)
85
20
0
0
0
0
9
13421823
6684774
0
0
0.5
0.2
10.0
135.0
4.2000003
10.0
13260
0
25
15
0
0

25
25


1
4
(New)
83
18
0
0
0
0
9
13421823
6684774
0
0
1.0
0.2
10.0
0.0
2.0
2.0
13260
0
4
4
0
0

25
15


