YAL055W	37/IWK3	-0.093667	-0.252901	0.104015	-0.268733	0.083769	-0.083098	-0.242586	-0.023288	-0.042159	-0.079218	-0.221393	0.079145	-0.291250	0.173263	-0.005248	-0.277904	0.086212	-0.222715	0.019072
YAL067C	80/CQW2	-0.035691	-0.364380	0.056602	-0.121965	9.658438	8.896603	-0.354277	-0.066336	0.062466	-0.077612	-0.370137	0.034160	-0.138416	0.052031	0.080976	-0.343862	0.027741	-0.060480	0.048929
YBL078C	73/FYL4	-0.026223	-0.357719	0.148037	0.001179	0.014042	-0.143636	-0.344829	0.161709	0.062933	-0.103488	-0.361655	0.052374	0.108237	-0.050239	-0.133295	-0.356284	0.069014	-0.055795	0.084631
YBL084C	08/XSQ4	-0.133723	-0.388988	0.345224	-0.151771	0.033169	-0.156677	-0.391304	0.146823	0.145250	-0.140075	-0.386037	0.501812	-0.217310	-0.054275	-0.135235	-0.391957	0.147817	-0.150459	0.119207
YBR148W	01/VYG8	-0.013276	-0.247798	-0.177356	-0.295927	0.156929	-0.127366	-0.224303	-0.229709	-0.008605	-0.069943	-0.214903	-0.213462	-0.265302	0.129340	-0.113057	-0.245352	-0.268702	-0.314086	-0.102900
YBR233W	80/IWQ5	0.188673	-0.335254	0.338691	-0.299501	-0.022541	0.111036	-0.316767	0.503911	-0.026899	0.096185	-0.342396	0.562112	-0.283112	-0.064941	0.118573	-0.317950	0.402614	-0.287323	-0.051192
YDL154W	12/PUN5	-0.015069	-0.284404	0.358584	-0.279350	-0.118121	0.041777	-0.256553	0.247501	-0.037543	0.050860	-0.287042	0.290551	-0.296524	-0.080601	0.100765	-0.277539	0.228490	-0.269536	-0.043704
YDL155W	17/WEI5	0.296101	-0.389719	0.561762	-0.376603	0.003021	0.072399	-0.389265	0.291083	-0.096393	0.258177	-0.391887	0.384287	-0.372456	0.115770	0.117916	-0.387153	0.401360	-0.368429	-0.124770
YDR104C	17/HHF3	0.211270	-0.144662	0.341207	-0.392897	-0.076782	0.181075	-0.103769	0.094821	-0.034184	0.318132	-0.227348	0.267303	-0.394904	-0.148635	0.046294	-0.014257	0.032080	-0.393134	-0.066094
YDR113C	16/XAI4	0.430769	-0.123590	0.510447	-0.355359	-0.061703	0.664267	-0.052489	0.421089	-0.125921	0.549273	-0.091442	0.397065	-0.364926	-0.011280	0.778329	-0.044735	0.212684	-0.358399	-0.163470
YDR118W	57/QMQ0	0.256022	-0.315661	0.016837	-0.259893	0.015687	0.305975	-0.321824	0.027693	0.073482	0.226587	-0.312401	0.115374	-0.289415	-0.088009	0.373243	-0.339653	0.038456	-0.245598	0.159068
YDR177W	64/SPO0	0.349322	-0.289018	0.266970	-0.302884	0.067479	0.502435	-0.262831	0.141652	0.079811	0.496365	-0.286330	0.136116	-0.275389	0.181771	0.275198	-0.244959	0.014140	-0.311480	0.201997
YDR191W	22/CAN4	0.583864	-0.378462	-0.107034	-0.153614	0.110647	0.359275	-0.384127	-0.014069	0.129576	0.827462	-0.380986	-0.062713	-0.149211	0.198411	0.449873	-0.384929	-0.073783	-0.140541	0.196920
YDR218C	45/MLL0	0.316646	-0.221091	-0.132514	-0.366389	-0.062634	0.326884	-0.236568	-0.112474	0.014684	0.387057	-0.205942	-0.165122	-0.361872	0.004936	0.519224	-0.287874	-0.184972	-0.361538	0.031592
YDR253C	24/JPR8	0.246119	-0.304177	0.531074	-0.337462	0.565125	0.371122	-0.320184	0.508786	0.456944	0.030503	-0.295003	0.670423	-0.327184	0.564204	0.334128	-0.308781	0.518383	-0.310533	0.603221
YDR263C	87/LYW1	0.392261	-0.313450	0.438284	-0.233859	0.599312	0.243550	-0.315249	0.701732	0.804255	0.213692	-0.321718	0.629858	-0.250916	0.601454	0.329594	-0.318146	0.981170	-0.247381	0.776804
YDR285W	46/JLJ6	0.112363	-0.396109	0.568109	-0.045251	0.490730	0.180801	-0.395864	0.418291	0.690379	0.181100	-0.396263	0.779584	-0.133823	0.726698	0.011641	-0.396350	0.623858	-0.088212	0.513289
YDR403W	17/MVH8	0.134954	-0.214937	0.295739	-0.125437	0.563880	0.093610	-0.218442	0.299010	0.338747	0.027204	-0.241793	0.134352	-0.120978	0.373109	0.109624	-0.162251	0.412686	-0.128407	0.168591
YDR446W	82/PXG7	0.460292	-0.365888	0.509256	-0.144666	0.193082	0.307215	-0.356322	0.476723	0.256074	0.627503	-0.370526	0.687649	-0.063440	0.222019	0.263285	-0.369942	0.399096	0.002265	0.085656
YDR522C	44/SPT3	0.252242	-0.212438	0.510174	-0.214853	0.072550	0.200202	-0.232689	0.316926	0.077688	0.327926	-0.182965	0.566605	-0.195502	0.195599	0.354082	-0.235526	0.274660	-0.212093	0.047318
YDR523C	75/TUN2	0.343740	-0.203196	0.558522	-0.327813	0.484878	0.380296	-0.249059	0.353877	0.358231	0.398977	-0.160603	0.472866	-0.349534	0.290431	0.380686	-0.233013	0.298632	-0.356931	0.136981
YFL003C	15/IVD5	0.507666	-0.225893	0.390764	-0.375237	0.410846	0.266817	-0.217581	0.145419	0.303741	0.741675	-0.219757	0.574267	-0.381775	0.375073	0.344061	-0.216233	0.129350	-0.385030	0.218605
YFL011W	78/PTY7	0.327789	-0.212126	0.446078	-0.236729	0.423030	0.510189	-0.165389	0.283427	0.406105	0.226889	-0.162834	0.599131	-0.258596	0.669069	0.777946	-0.134412	0.400182	-0.225522	0.512529
YFL017C	47/UNN7	0.398029	-0.109933	0.164441	0.074052	0.229828	0.434798	-0.093463	0.157694	0.285899	0.185450	-0.183241	0.311665	-0.082928	0.348538	0.662219	-0.109977	0.302150	-0.123374	0.263158
YFR023W	04/HFK1	0.595866	-0.316502	0.358657	0.032209	0.466448	0.628406	-0.343571	0.276655	0.359603	0.830852	-0.298044	0.287983	0.026005	0.373111	0.760847	-0.350400	0.373242	0.186856	0.462078
YFR028C	73/XSE3	0.539742	-0.290523	0.104240	-0.104777	0.424652	0.626645	-0.258973	0.163954	0.483383	0.479038	-0.318640	-0.023492	-0.130197	0.386286	0.512546	-0.231974	0.064091	-0.214599	0.402866
YGL009C	55/YVW3	0.418772	-0.068443	0.151273	-0.031646	0.087380	0.164798	-0.106309	0.031810	0.132624	0.208503	-0.002129	0.224462	-0.093828	0.236565	0.252313	-0.176142	0.016487	-0.027886	0.103440
YGL033W	61/VUY1	0.499472	-0.163768	0.215224	-0.191009	0.239346	0.277716	-0.127413	0.409086	0.395415	0.612096	-0.158505	0.081403	-0.260183	0.191700	0.293446	-0.154282	0.595424	-0.164500	0.406707
YGL116W	75/JGL3	0.351016	-0.108127	0.328879	0.114578	0.252915	0.311401	-0.133530	0.513685	0.244741	0.359765	-0.149902	0.126367	0.228459	0.343288	0.261638	-0.111135	0.463379	-0.027685	0.159845
YGR059W	15/JPG5	0.540587	-0.113644	0.588805	-0.034041	0.092209	0.482074	-0.041828	0.283279	0.239636	0.267870	-0.050356	0.542946	-0.073600	-0.070228	0.439393	-0.094835	0.482734	-0.111405	0.195632
YGR088W	68/EEQ2	0.239718	0.122224	0.212969	-0.127439	0.227866	0.258534	-0.015217	0.349593	0.070238	0.164934	0.012137	0.120981	-0.188157	0.110641	0.194411	-0.090217	0.214635	-0.167160	0.146788
YGR108W	17/JUH4	0.407657	-0.250395	0.081688	-0.262425	0.311912	0.198616	-0.232643	0.159336	0.528997	0.410438	-0.283884	0.084085	-0.248625	0.296527	0.139671	-0.287653	0.240186	-0.267568	0.809273
YGR109C	47/JSX8	-0.090312	0.030253	0.348295	-0.216442	0.523288	-0.028131	0.059312	0.349832	0.451082	-0.042397	-0.001771	0.523290	-0.223111	0.309063	0.058208	0.025667	0.559037	-0.252720	0.668007
YGR185C	40/PSC1	0.049866	-0.036022	0.546564	-0.306807	0.515033	0.191723	-0.123506	0.380693	0.679871	0.057912	-0.018346	0.568531	-0.322805	0.606176	0.315076	-0.153490	0.562703	-0.334534	0.843125
YGR202C	71/BFP7	0.152831	0.097642	0.402196	-0.091116	0.332252	0.038352	0.003372	0.447610	0.453557	0.156561	0.201914	0.484889	-0.174378	0.402363	0.065686	0.056621	0.646785	-0.128490	0.712016
YGR225W	45/FVI0	0.210032	0.293834	0.407741	-0.306760	0.498673	0.269933	0.077795	0.542073	0.716247	0.082740	0.333872	0.644838	-0.283993	0.649063	0.283068	0.135231	0.223806	-0.292831	0.546769
YHL028W	83/WRW4	-0.135169	0.261555	0.286733	-0.399291	0.582441	-0.117092	0.121021	0.179665	0.742777	-0.072722	0.038520	0.306221	-0.399306	0.487856	-0.053909	0.221756	0.305301	-0.399242	0.642958
YHR015W	81/MIG1	0.035911	-0.204732	-0.259318	-0.093004	0.137939	0.083234	-0.201058	-0.294190	0.252451	0.122380	-0.190037	-0.288584	-0.054835	0.199410	0.067035	-0.234303	-0.284125	-8.101072	0.357804
YHR124W	25/EBO0	0.290043	-0.169882	-0.318376	-0.173000	0.490075	0.096836	-0.214677	-0.338956	0.336214	0.334111	-0.114214	-0.301285	-0.224404	0.350303	0.073323	-0.258759	-0.324542	-0.169461	0.298678
YHR139C	57/FSQ3	0.466744	-0.378320	-0.333973	-0.335162	0.470156	0.607976	-0.383683	-0.322982	0.713907	0.581351	-0.377933	-0.316761	-0.327513	0.318202	0.310770	-0.384207	-0.306214	-0.340458	1.003145
YHR184W	01/LGO1	0.577453	-0.340240	-0.146894	-0.046580	0.508046	0.279186	-0.341089	-0.210809	0.716382	0.501827	-0.329680	-0.090741	0.049019	0.769716	0.177257	-0.336841	-0.205225	-0.027798	0.405879
YHR185C	73/OOB0	0.236840	-0.229506	-0.304767	0.191836	0.427980	0.308925	-0.205007	-0.279407	0.610878	0.068726	-0.271968	-0.323356	0.296278	0.279531	0.359696	-0.219968	-0.313447	0.023380	0.389913
YHR208W	13/KEW4	0.359365	0.185982	-0.278670	-0.003042	0.551019	0.391688	0.088888	-0.257966	0.625666	0.277193	0.204290	-0.265950	0.042464	0.567026	0.176181	0.043005	-0.274880	0.097886	0.336544
YIL045W	25/TAI2	0.301978	0.211417	-0.282109	0.027186	0.460731	0.440093	0.121574	-0.280099	0.619085	0.156481	0.003837	-0.259467	0.140898	0.464964	0.689635	0.155850	-0.257292	-0.088290	0.388628
YIL072W	11/JFO4	0.401742	-0.060890	-0.161654	-0.060684	0.460680	0.151448	0.046215	-0.203048	0.313182	0.188523	-0.050730	-0.185917	0.022319	0.523245	0.109438	0.123967	-0.242707	-0.092237	0.119128
YIL099W	53/HMQ8	0.240846	-0.007318	-0.368525	-0.002776	0.284663	0.342785	-0.009841	-0.363192	0.180822	0.395680	-0.043278	-0.372299	-0.055549	0.344684	0.460733	-0.009069	-0.370859	-0.078980	0.244861
YIL139C	33/POI7	0.558866	0.077269	-0.282786	-0.243304	0.560363	0.535024	0.065612	-0.320485	0.251605	0.671352	0.215031	-0.260229	-0.255021	0.343512	0.355977	0.045979	-0.300749	-0.188095	0.078309
YIL159W	32/RYW0	0.296945	0.195433	-0.190131	-0.244808	0.232931	0.253573	0.204582	-0.249298	0.261999	0.144155	0.161291	-0.177267	-0.212429	0.059655	0.272202	0.163552	-0.297310	-0.193189	0.338991
YIR013C	42/PLK6	0.070630	0.085552	-0.197272	-0.156632	0.395823	0.179530	0.095355	-0.158539	0.486253	-0.087500	0.083503	-0.190336	-0.227492	0.582499	0.246610	-0.031945	-0.222991	-0.203998	0.608489
YJL106W	33/XXK3	0.092477	-0.113637	-0.224613	-0.189662	0.516536	0.149463	-0.028431	-0.209011	0.650579	-0.070651	-0.172502	-0.220676	-0.255871	0.646024	0.086764	-0.002545	-0.152664	-0.178757	0.548951
YJR036C	00/OAX6	-0.027662	-0.053150	-0.369519	-0.325969	0.355884	0.083983	-0.032523	-0.363240	0.585085	-0.004892	-0.157837	-0.373588	-0.347287	0.257468	0.136916	-0.076256	-0.359124	-0.316190	0.819275
YJR099W	38/JQI7	0.106265	0.211903	-0.159723	-0.236012	0.314285	0.082429	0.254811	-0.232087	0.524272	0.219216	0.343152	-0.166652	-0.208027	0.260482	-0.043990	0.082052	-0.216455	-0.203320	0.815478
YKL022C	73/DSX8	0.033051	0.044907	-0.099279	-0.259587	0.386710	-0.099830	-0.081305	-0.142620	0.334795	-0.041479	0.129517	-0.083290	-0.268207	0.166924	-0.054120	-0.143266	-0.066688	-0.241961	0.289715
YKL104C	58/VDS8	0.429959	0.410325	-0.089820	-0.109295	0.329922	0.659868	0.568429	-0.075048	0.534421	0.438860	0.513127	-0.152522	-0.197268	0.311223	0.496062	0.373684	-0.029377	-0.062590	0.819012
YKL189W	01/VYH7	0.527783	0.377400	-0.010166	-0.039456	0.575614	0.223549	0.530682	-0.139424	0.703736	0.534993	0.163270	-0.068279	-0.045077	0.613196	0.247086	0.595631	-0.122470	-0.118667	1.044318
YLR195C	46/GMW8	0.125616	0.320381	-0.106308	-0.054400	0.360693	0.219197	0.281978	-0.160360	0.469098	0.068316	0.446016	-0.044100	-0.111284	0.507848	0.251642	0.219336	-0.228323	-0.066195	0.528710
YLR209C	18/XRN4	0.454761	0.200302	0.097381	-0.104868	0.574752	0.367379	0.354763	-0.021169	0.827137	0.492436	0.374899	0.131617	-0.162362	0.664332	0.581466	0.221767	0.011512	-0.049961	0.742314
YLR210W	82/GVT6	0.336931	0.419822	0.557824	-0.105902	0.550054	0.522933	0.398518	0.265214	0.724070	0.480035	0.608741	0.513792	-0.191839	0.834553	0.745552	0.410235	0.152967	-0.194160	0.924422
YLR213C	22/YUB3	0.128230	0.227428	0.017334	-0.186381	0.444581	0.270684	0.021179	-0.068218	0.650137	0.187315	0.048129	0.140020	-0.206403	0.640069	0.129095	0.139573	-0.068721	-0.249616	0.796962
YLR220W	32/REB5	0.119505	0.160357	0.117235	-0.042385	0.408916	0.213009	0.260839	0.186267	0.333661	-0.054338	0.071510	0.224321	-0.069230	0.584498	0.258506	0.166693	0.140246	-0.049300	0.396795
YLR013W	08/SFT1	-0.131078	-0.276892	0.042339	-0.048402	0.498128	-0.132278	-0.242919	-0.055030	0.781156	-0.204754	-0.245180	-0.020555	0.014576	0.390754	-0.185451	-0.261967	-0.049768	0.028417	0.527292
YLR263W	08/CMS0	0.505133	0.407959	-0.091928	-0.267270	0.113884	0.761726	0.542774	-0.176970	0.082730	0.455440	0.204737	-0.008869	-0.271998	0.250566	0.791505	0.299935	-0.160855	-0.231650	0.028065
YLR307W	41/JED0	0.518384	0.533517	-0.238521	-0.027613	0.364327	0.751377	0.507335	-0.249631	0.195578	0.557943	0.220225	-0.221530	-0.005241	0.132054	0.558376	0.224504	-0.229908	0.138539	0.115878
YLR308W	14/RXW0	0.424496	0.421747	-0.324215	-0.220911	0.055464	0.675041	0.446468	-0.336224	0.180749	0.406078	0.563031	-0.321762	-0.276439	0.134164	0.362319	0.380698	-0.348440	-0.114815	0.011065
YLR314C	01/FRS4	0.586569	0.062979	0.038284	0.159936	0.171042	0.876659	0.166032	0.071871	0.212979	0.835469	0.084794	0.071097	0.148704	0.330255	0.968400	0.274996	0.186809	0.101994	0.093215
YML034W	00/VKB6	0.598136	0.450939	0.318258	-0.166955	0.094611	0.370186	0.416256	0.264572	0.025465	0.708798	0.598553	0.335500	-0.182159	-0.039653	0.564782	0.532697	0.321612	-0.273784	0.084693
YML065W	70/JSY8	0.559346	0.398606	0.471611	-0.359656	0.013936	0.796741	0.652704	0.484511	0.135059	0.745923	0.615787	0.263523	-0.365936	-0.047021	0.725123	0.645783	0.247489	-0.372848	0.104665
YMR001C	08/AIC6	0.531608	0.428144	0.243148	-0.371489	0.171305	0.616863	0.362770	0.099766	0.320186	0.703240	0.533552	0.266811	-0.363661	0.189654	0.707927	0.125443	-0.034598	-0.374457	0.275144
YMR017W	58/HWR6	0.490274	0.341816	0.371928	-0.251395	0.200786	0.555574	0.242831	0.248698	0.189593	0.530770	0.238607	0.550121	-0.204505	0.256072	0.793677	0.144679	0.243926	-0.283520	0.312711
YMR125W	20/DSG7	0.341765	0.469665	-0.010090	-0.263703	0.082491	0.384018	0.708885	-0.052109	-0.031074	0.558234	0.728421	0.013590	-0.253235	-0.005072	0.590717	0.663669	-0.006010	-0.254358	-0.018508
YMR133W	56/FBX3	0.427544	0.438901	0.357771	-0.392996	0.424798	0.165898	0.464999	0.184695	0.179799	0.241860	0.248664	0.400714	-0.393776	0.167389	0.246046	0.312597	0.320311	-0.390156	0.012627
YMR198W	35/AQS8	0.498268	0.304909	0.551558	-0.032950	0.033244	0.743407	0.090367	0.630013	0.025245	0.534874	0.425442	0.256799	0.074071	0.015584	0.902112	0.135235	0.509202	-0.027120	-0.062929
YMR232W	55/KEO0	0.363511	0.412862	-0.207525	0.489672	0.507369	0.565298	0.296098	-0.261527	0.335761	0.560382	0.565157	-0.192792	0.309018	0.569050	0.450309	0.381704	-0.279194	0.539612	0.380424
YNL128W	32/UQG7	0.430100	0.308552	-0.173456	0.598466	0.573816	0.688154	0.334990	-0.167174	0.501994	0.387153	0.431520	-0.181456	0.588925	0.796907	0.470142	0.534189	-0.111528	0.839895	0.519751
YNL196C	13/RVO3	0.412594	0.349906	-0.399664	0.588187	0.489396	0.268607	0.254771	-0.399624	0.416785	0.184741	0.429115	-0.399668	0.753209	0.676319	0.331339	0.059996	-0.399699	0.828852	0.445661
YNL204C	83/TIO2	0.242210	0.185990	-0.290866	0.395907	0.366269	0.087390	0.078011	-0.270436	0.136914	0.077747	0.095826	-0.273056	0.616220	0.535995	0.237354	0.111800	-0.273578	0.332820	0.107498
YNL219C	15/BFY5	0.192703	0.342063	-0.203003	0.546181	0.405571	0.271334	0.165681	-0.249230	0.268221	0.003397	0.127256	-0.261923	0.375545	0.542801	0.329347	0.244916	-0.258872	0.460248	0.102475
YNL225C	30/SYG7	0.212567	0.096708	-0.084649	0.324920	0.415788	0.131080	0.108172	-0.045420	0.158002	0.304135	0.184678	-0.064455	0.378394	0.301593	0.156847	-0.040894	-0.069856	0.485444	0.036418
YNL270C	60/TCL0	0.155330	0.242424	-0.028742	0.557949	0.533569	0.283105	0.101039	4.287627	0.505124	0.155332	0.112643	-0.149126	0.423459	0.830284	0.059846	0.166330	0.107734	0.514868	0.537975
YNL318C	43/VQP8	0.211008	0.050395	-0.100650	0.397990	0.566431	0.305753	0.006006	-0.014986	0.323866	0.258393	-0.017711	-0.192124	0.128858	0.291095	0.137110	0.096083	0.043799	0.498589	0.118525
YNR034W	50/IDR7	0.174187	0.493182	0.043403	0.346659	0.352239	0.343090	0.432267	-0.097520	0.391860	0.008305	0.225143	0.153214	0.356196	0.332102	0.563035	0.229370	-0.092599	0.437087	0.307563
YOR033C	52/JFS3	0.472881	0.103309	-0.146744	0.366336	0.115595	0.248926	-0.057376	-0.072800	0.279840	0.215342	0.221164	-0.228337	0.536574	0.163681	0.412307	-0.027779	0.011206	0.319584	0.156620
YOL091W	17/TNM6	0.416013	0.493595	-0.047530	0.323363	0.179151	0.588297	0.469665	-0.120524	0.258510	0.328071	0.497180	-0.001334	0.308647	0.208625	0.290838	0.548560	-0.160926	0.509985	0.096856
YOL104C	41/WCP8	0.295643	0.547159	-0.043426	0.288038	0.182948	0.175379	0.795731	-0.059339	0.266514	0.508143	0.286111	0.005643	0.137511	0.306989	0.228071	0.803006	0.008354	0.508971	0.257855
YOR190W	64/AWU3	0.065640	0.481127	0.118913	0.144370	0.165167	0.030694	0.436259	-0.037462	0.256754	0.110392	0.312139	0.016093	0.218578	0.036464	0.001186	0.369932	0.060262	0.383970	0.116782
YOR242C	22/RXK8	0.453396	0.242572	-0.013848	0.509738	0.309967	0.164374	0.384211	0.077671	0.111805	0.660000	0.253417	-0.008901	0.429377	0.273057	0.069561	0.153869	0.157438	0.042214	-0.013402
YOR249C	35/TBS4	0.218426	0.310366	0.431455	0.193474	0.495885	0.071520	0.489776	0.267116	0.518107	0.324175	0.505106	0.695617	0.139614	0.432869	0.133898	0.740447	0.188662	0.300012	0.347666
YOR313C	64/FGP5	0.512810	0.442773	0.582894	0.006033	0.438240	0.307165	0.665785	0.277326	0.668848	0.677588	0.678209	0.663964	0.074149	0.521386	0.255511	1.005279	0.054372	-0.035636	0.403808
YOR339C	28/XQF4	0.227994	0.495308	0.225144	0.060243	0.477892	0.084151	0.556572	0.181017	0.451134	0.211829	0.207000	0.376092	0.173341	0.660016	0.229829	0.744621	0.196486	0.203759	0.590779
YOR355W	58/RLG3	0.168991	0.302036	0.059269	0.176387	0.290020	0.093253	0.390922	-0.053672	0.345519	0.052614	0.121510	0.057456	0.114767	0.313534	0.053332	0.498775	0.012546	0.095391	0.117248
YPL021W	28/UKX2	0.325377	0.416877	0.398734	0.353706	0.193162	0.210641	0.668341	0.521059	0.331753	0.395967	0.599527	0.252082	0.521740	0.313406	0.258271	0.578678	0.514680	0.076224	0.322354
YPL121C	72/QIE5	0.114852	0.463525	0.212897	0.390065	0.173531	-0.033269	0.603027	0.375714	0.352549	0.263018	0.346801	0.113084	0.294619	0.212345	-0.092679	0.588460	0.469802	0.395031	0.293325
YPL130W	61/PYF7	-0.048728	0.415536	0.520679	0.573301	0.481744	0.025413	0.609691	0.735906	0.677993	0.044214	0.557063	0.657597	0.255106	0.459530	0.088915	0.419220	0.767969	0.671609	0.629952
YPL178W	71/TAB4	0.079920	0.407173	0.350258	0.386126	0.558407	0.096812	0.305114	0.313989	0.565310	0.178972	0.172346	0.150502	0.132173	0.830721	0.192261	0.328633	0.250875	0.116504	0.591696
YPR007C	14/SMG8	-0.189853	0.326489	0.233104	0.550054	0.488026	-0.135901	0.512132	0.050496	0.645764	-0.151531	0.142482	0.306072	0.382792	0.679435	-0.093559	0.614499	0.046160	0.552421	0.640224
YPR120C	20/TKF5	-0.242080	0.441836	0.117129	0.555412	0.588961	-0.198657	0.652944	0.111168	0.680091	-0.202159	0.344815	0.145373	0.444694	0.748702	-0.208024	0.386704	0.230185	0.246121	0.955826
YDR513W	75/TTP4	-0.389970	0.402210	0.407699	0.596164	0.593238	-0.387092	0.507260	0.558286	0.746940	-0.387220	0.450504	0.249780	0.599733	0.353925	-0.391395	0.764574	0.371687	0.534826	0.687657
YGR088W	68/EEQ2	-0.361829	0.070296	0.144828	0.473876	0.452546	-0.367533	0.110971	0.103742	0.724262	-0.358517	0.161937	0.080591	0.523633	0.534119	-0.367670	0.261200	0.143609	0.200243	1.001387
YAL046C	42/TBN8	-0.045776	0.267672	0.490418	0.412765	0.471470	-0.095609	0.383959	0.214336	0.720421	0.045441	0.247614	0.626081	0.369420	0.391580	-0.181026	0.528143	0.174841	0.001896	0.851089
YNL048W	08/NYR6	0.159490	0.530560	-0.032857	0.140138	0.392168	-0.021981	0.217252	-0.008946	0.472576	0.156983	0.654755	0.006832	0.224283	0.638048	0.041665	0.374502	0.006779	0.240693	0.645738
YML129C	11/CUE8	0.072665	0.568267	-0.099909	0.347583	0.333913	-0.048072	0.381597	-0.025849	0.305410	0.170973	0.404430	-0.012217	0.258691	0.264955	-0.123726	0.257311	0.068953	0.151184	0.284239
YBR139W	12/GJE2	0.149225	0.313070	-0.061682	0.205963	0.290319	0.165105	0.149325	-0.054524	0.479562	0.218601	0.183332	-0.045147	0.084579	0.196627	0.001908	0.086735	-0.149842	0.087187	0.380978
YHR113W	05/JAF8	0.033794	0.354851	-0.008066	0.186796	0.546881	-0.068006	0.164108	-0.126264	0.754342	-0.091072	0.404140	-0.021194	0.283254	0.422591	-0.166891	0.340419	-0.050488	0.505532	1.121510
YAL062W	15/RYK3	-0.138203	0.595312	0.317708	0.252405	0.263108	-0.120775	0.326083	0.093553	0.064111	-0.066007	0.292804	0.531598	0.111838	0.409785	-0.181391	0.268331	0.042570	0.389983	0.176906
YHR059W	28/ESP2	-0.137132	0.444866	0.409983	0.056755	0.370661	-0.225076	0.185945	0.149332	0.193217	-0.190310	0.201727	0.630822	0.068427	0.572000	-0.181648	0.324016	0.156555	0.094136	0.364048
YIR028W	04/VJH6	-0.211401	0.561705	0.384409	0.066445	0.383356	-0.274754	0.381963	0.125449	0.452403	-0.177639	0.503271	0.322418	-0.061012	0.238995	-0.248654	0.162962	0.131713	0.304696	0.466019
YJL142C	55/NAM0	-0.097741	0.381132	0.593840	0.152838	0.560081	-0.027025	0.612303	0.873200	0.333376	-0.126925	0.208612	0.373799	0.068781	0.567831	0.079454	0.337125	1.020893	0.081020	0.166729
YBL090W	16/OHY4	-0.012410	0.497552	0.546417	-0.344874	0.572944	-0.128855	0.563533	0.680582	0.556103	-7.957177	0.662386	0.801286	-0.334172	0.518758	-0.160418	0.278347	1.024125	-0.345170	0.633825
YIL077C	15/HVN6	0.017151	0.076262	0.374903	0.213212	0.501324	0.121968	-0.020934	0.402292	0.243109	-0.097555	0.179029	0.242300	0.095949	0.635056	0.228459	0.035302	0.635850	0.303647	0.201942
YGR121C	54/XYG4	0.302959	0.508889	0.473831	-0.090451	0.347696	0.477925	0.251059	0.399368	0.537283	0.116209	0.731328	0.473086	-0.121967	0.208781	0.391516	0.252161	0.489547	0.059062	0.722381
YIR015W	85/DJL8	0.541902	0.031182	0.251502	0.467444	0.569222	0.662813	-0.037689	0.320981	0.537773	0.412261	0.033572	0.216427	0.209693	0.484433	0.543843	-0.090077	0.162041	0.228056	0.663555
YAL032C	87/AOP1	0.379258	0.151048	0.560683	0.271302	0.512704	0.458886	-0.030251	0.292644	0.623118	0.454497	0.213205	0.529919	0.116148	0.744353	0.665877	0.011313	0.142276	0.178061	0.457268
YGR268C	05/QYK8	0.503776	0.223917	0.186294	0.518903	0.576439	0.353691	0.231599	0.205444	0.576880	0.521065	0.353144	0.196360	0.640464	0.731944	0.405027	0.084861	0.076517	0.334506	0.591165
YGR205W	76/GEB3	0.380832	-0.039018	0.174445	0.277808	0.230895	0.253628	-0.059770	0.182730	0.419407	0.505614	0.029152	0.074569	0.477091	0.126772	0.130230	0.013722	0.244799	0.110095	0.322546
YDR177W	64/SPO0	0.165137	0.138026	0.095191	0.269203	0.307521	0.135004	0.002009	0.202091	0.161907	0.239511	0.202701	-0.012359	0.125739	0.128590	0.059951	0.088260	0.285686	0.048518	0.263550
YDR424C	57/SEW5	0.544312	0.136908	0.296232	0.568260	0.246372	0.750189	-0.022804	0.398055	0.056699	0.263330	0.023569	0.252668	0.679317	0.202328	1.056286	-0.051237	0.574003	0.387895	-0.066879
YKL169C	36/JQJ7	0.359909	0.219567	0.443499	0.505906	0.259720	0.588059	0.184615	0.522219	0.413851	0.122981	0.020645	0.381982	0.665019	0.111114	0.875636	0.331599	0.679612	0.313840	0.300277
YDR171W	33/DMH0	0.429468	0.306082	0.460116	0.455340	0.185382	0.641007	0.347492	0.335757	0.082142	0.424470	0.300013	0.670935	0.372274	0.222518	0.972447	0.462643	0.529292	0.626987	0.169180
YER143W	07/QPK1	0.452713	0.074690	0.410579	0.435900	0.370909	0.620297	0.103449	0.645643	0.221184	0.298754	-0.053642	0.333119	0.155868	0.505319	0.848240	-0.015283	0.959602	0.173778	0.093982
YHR104W	43/DLQ4	0.294999	0.094228	0.318635	0.279274	0.056452	0.297448	0.190245	0.436783	0.158875	0.103510	0.248359	0.310179	0.231283	-0.085269	0.505058	0.033924	0.658611	0.598198	0.327378
YAR019C	83/UCD3	0.307558	-0.045456	0.336087	0.357561	-0.042120	0.281274	-0.064407	0.376167	-0.042552	0.190203	-0.092789	0.418896	0.444127	-0.037830	0.492048	-0.063690	0.375494	0.379321	-0.133585
YGL153W	20/UPE5	0.488409	0.370574	0.107519	0.544653	0.491022	0.550429	0.404856	0.207524	0.556727	0.697611	0.359382	0.088204	0.636997	0.367433	0.820278	0.553019	0.279260	0.446085	0.262986
YIR036C	75/OGM8	0.495245	0.405353	0.266084	0.232804	0.485745	0.467990	0.410160	0.223520	0.388953	0.737179	0.627090	0.082341	0.403095	0.232553	0.574221	0.154284	0.033657	0.085048	0.233216
YGL226W	51/TMI7	0.580144	0.394488	0.134224	0.538381	0.145755	0.390458	0.199498	0.212845	0.056188	0.365988	0.294638	0.301041	0.510775	0.213692	0.566983	0.143435	0.011166	0.177921	0.186484
YGL072C	78/YOL2	0.441584	0.362108	0.522455	0.586984	0.286560	0.704034	0.558687	0.491681	0.231152	0.429032	0.415192	0.372193	0.719186	0.059442	0.383756	0.522307	0.337288	0.514322	0.256915
YMR030W	60/VXH1	0.454595	0.242478	0.277863	0.494554	0.051751	0.722871	0.344255	0.080439	0.065206	0.304474	0.042529	0.344866	0.454847	0.007890	0.660439	0.545534	-0.071018	0.488158	0.092158
YLR295C	20/GPS4	0.292337	0.274696	0.392508	0.049928	0.106846	0.179986	0.156299	0.224723	0.005084	0.510887	0.093702	0.309814	0.078443	0.179473	0.272062	0.277886	0.228021	0.211479	0.059311
YPL203W	01/LWG4	0.317263	0.216295	0.258075	0.353717	0.124025	0.213627	0.284469	0.139442	0.077734	0.501214	0.161098	0.416488	0.152099	0.168119	0.100989	0.384389	-0.026312	0.568954	0.086600
YBR059C	04/QGN1	0.085170	0.228530	0.528457	0.452608	0.239986	0.141085	0.313367	0.331530	0.240904	0.128824	0.239599	0.357696	0.588939	0.197739	0.097370	0.117753	0.466583	0.717538	0.048041
YHR076W	16/IDL7	-0.054778	-0.282952	0.497177	0.296797	0.193032	-0.098037	-0.305472	0.766034	0.331317	-0.028192	-0.260421	0.403533	0.350644	0.364442	-0.195207	-0.293948	0.778186	0.476116	0.471821
YCR046C	52/JGE3	-0.031846	-0.136540	0.309196	0.534127	0.311533	0.016435	-0.180579	0.521371	0.488833	-0.129542	-0.218026	0.409905	0.303539	0.116854	-0.104508	-0.201540	0.342232	0.519245	0.749376
YDL079C	46/VJE6	0.077043	0.009336	0.307724	0.261467	0.354152	-0.024031	-0.038134	0.308754	0.498264	0.013537	-0.115187	0.207789	0.254787	0.519895	-0.084297	-0.090240	0.212908	0.462895	0.502109
YKR085C	00/IPW6	0.333343	0.075280	0.306500	0.474426	0.413235	0.158742	0.004049	0.241193	0.316368	0.182134	0.037551	0.478868	0.498075	0.442594	0.257443	0.057810	0.267941	0.931267	0.456048
YEL033W	84/VPF6	0.523338	-0.172586	0.448323	0.442335	0.506783	0.570548	-0.141238	0.453793	0.640938	0.598120	-0.193088	0.624512	0.638135	0.467640	0.497802	-0.160358	0.550983	0.993374	0.927005
YBL107C	06/TWE5	0.171725	0.068583	0.578792	0.451916	0.437709	0.304280	0.005524	0.783839	0.331586	0.278329	-0.053051	0.523435	0.404305	0.335197	0.217114	-0.078102	0.753564	0.403491	0.122662
YBL056W	84/TLL8	0.264852	-0.119648	0.546363	0.458138	0.452811	0.357567	-0.190340	0.578102	0.241390	0.232138	-0.099310	0.830109	0.278876	0.186143	0.533714	-0.136092	0.602428	0.491639	0.202501
YKR058W	77/IKA7	0.474359	-0.007972	0.597322	0.512823	0.495157	0.321233	0.050315	0.845869	0.592815	0.428513	-0.021763	0.561932	0.206795	0.550083	0.156512	-1.273261	0.663859	0.222438	0.833293
YGR212W	87/YRO3	0.105383	-0.167965	0.416736	0.456143	0.228438	0.262129	-0.187575	0.454884	0.192340	-0.007395	-0.123246	0.296810	0.457855	0.210240	0.071787	-0.232825	0.280868	0.593042	0.200294
YMR271C	44/RPG7	0.368618	-0.395445	0.408667	0.494570	0.503615	0.138504	-0.394330	0.370809	0.308493	0.256159	-0.395956	0.299508	0.677098	0.374817	0.165927	-0.393564	0.171137	0.885866	0.112787
YIL089W	04/FOE8	0.225396	-0.359421	0.471460	0.480433	0.018980	0.111057	-0.372220	0.319468	0.077566	0.406683	-0.352648	0.419198	0.553402	-0.109307	0.240613	-0.373059	0.434383	0.733410	0.138813
YKR089C	18/VDN8	0.159884	-0.257140	0.303287	0.499713	0.252658	0.185136	-0.246399	0.218375	0.196674	0.311392	-0.228929	0.358513	0.494177	0.078843	0.137307	-0.256594	0.387478	0.156840	0.323646
YJL047C	58/FLI6	0.253207	-0.095431	0.483835	0.185645	0.480850	0.151029	-0.083608	0.236242	0.212317	0.355814	-0.083092	0.555582	0.280961	0.551240	0.312835	-0.175721	0.264404	0.123070	0.068005
YOR176W	00/BYO3	0.272882	-0.188141	0.255857	0.223433	0.054421	0.239428	-0.193409	0.315748	0.102618	0.412646	-0.206895	0.241087	0.176039	0.076345	0.302382	-0.150734	0.167059	0.138760	-0.010853
YBR269C	38/RAU8	0.008071	-0.292066	-0.217237	0.365055	0.300186	-0.076644	-0.311785	-0.258180	0.340848	0.080048	-0.316705	-0.173330	0.209091	0.488406	-0.012845	-0.286029	-0.284629	0.195242	0.315604
YBL015W	50/GBP1	0.079485	-0.349686	0.043138	0.329001	0.413570	-0.027899	-0.361563	-0.018811	0.501256	0.164993	-0.338646	-0.018034	0.519959	0.364578	-0.067767	-0.368029	-0.121697	0.056348	0.723494
YHR138C	16/SFR8	0.015968	-0.073676	-0.141383	0.354378	0.432790	0.090259	-0.024711	-0.143335	0.639492	0.082330	-0.085391	-0.211131	0.164746	0.172414	0.044283	-0.032955	-0.136146	0.136652	0.709660
YDR277C	31/VPR5	0.196081	-0.372594	0.089380	0.475179	0.405764	0.069450	-0.365313	-0.039289	0.563448	0.019926	-0.378465	0.059270	0.685140	0.204749	0.042888	-0.355304	0.026271	0.782991	0.248348
YFR028C	73/XSE3	0.084350	-0.084541	0.116690	0.294736	0.502745	0.221347	-0.086477	0.155887	0.565674	-0.020289	0.011673	0.086330	0.104976	0.488587	0.063501	-0.078692	0.180654	0.043624	0.399098
YAL034C	83/JRJ6	-0.291849	0.082071	0.564629	-0.227583	0.524518	-0.270242	0.060419	0.726243	0.409557	-0.286512	0.026660	0.791896	-0.279464	0.660589	-0.295073	0.050489	0.661083	-0.242446	0.507357
YDR007W	28/OOB2	-0.151284	-0.101554	0.559277	-0.173193	0.530429	-0.175676	-0.009475	0.620459	0.481347	-0.227863	-0.037867	0.464674	-0.167648	0.687379	-0.179950	0.101996	0.563164	-0.134397	0.183190
YKR064W	54/QVT8	-0.290894	-0.088151	0.257064	-0.016104	0.516929	-0.309274	-0.032819	0.428493	0.365518	-0.309643	0.011200	0.344363	-0.003531	0.552209	-0.310866	-0.156401	0.636479	-0.095749	0.257557
YKR068C	56/KOI5	-0.143161	-0.327845	0.375505	0.064871	0.597518	-0.216057	-0.325486	0.288513	0.400322	-0.151720	-0.306817	0.528159	-0.062537	0.588868	-0.196138	-0.311808	0.378340	0.031780	0.621732
YAR027W	58/TEP0	-0.267538	-0.223713	0.270882	0.181709	0.452779	-0.241110	-0.261398	0.107773	0.614112	-0.229190	-0.246833	0.193981	0.025966	0.713857	-0.261827	-0.233970	0.229459	0.403421	0.846814
YDL155W	17/WEI5	-0.324427	0.002610	0.342771	0.120219	0.596393	-0.345268	-0.098303	0.544084	0.914069	-0.300485	-0.089426	0.287395	-0.034484	0.842454	-0.354968	-0.139026	0.610111	0.227124	0.554402
YKL091C	74/MVN3	-0.356474	0.094181	0.483158	0.024699	0.593906	-0.367747	0.084123	0.395885	0.685932	-0.348420	0.180765	0.558485	0.055068	0.615560	-0.374010	0.010199	0.163939	0.191801	0.822428
YHL031C	16/JWX0	-0.325557	-0.348546	0.547806	0.065485	0.359155	-0.349102	-0.334640	0.297338	0.190830	-0.338189	-0.358853	0.255687	0.008447	0.450106	-0.344066	-0.348713	0.288288	0.204216	0.232705
YGR261C	03/GLE8	-0.114508	-0.251808	0.282813	0.598583	0.243845	-0.123110	-0.301024	0.454279	0.099797	-0.181832	-0.244278	0.169883	0.834961	0.267545	-0.122577	-0.271522	0.364444	1.072174	0.051698
YHR195W	66/AOB3	-0.218965	-0.200301	0.435935	0.458204	0.285796	-0.208573	-0.232769	0.174059	0.178115	-0.165644	-0.212322	0.281263	0.371727	0.095325	-0.177927	-0.207754	0.100216	0.648599	0.103301
YDR084C	75/TWH4	-0.376085	-0.149438	0.357793	0.567857	0.147223	-0.371222	-0.146516	0.301782	0.248256	-0.374793	-0.216931	0.517969	0.392065	0.008334	-0.363790	-0.211821	0.481013	0.339211	0.295629
YPL215W	30/TXL3	-0.273480	0.074573	0.199171	0.373368	0.113280	-0.308434	0.052319	0.337577	0.148515	-0.291177	0.005916	0.089687	0.497590	0.026939	-0.304888	0.188291	0.106824	0.360119	0.132274
YGR076C	32/DDY0	0.295904	0.213493	-0.203462	-0.338608	-0.352845	0.464996	0.132194	-0.246729	-0.360703	0.415900	0.081331	-0.199440	-0.335994	-0.353758	0.550282	0.272365	-0.239804	-0.338047	-0.349685
YDR081C	32/RXL1	0.536126	0.166650	-0.083878	-0.313383	-0.273760	0.821188	0.231831	-0.021576	-0.293196	0.748835	0.226646	-0.088228	-0.305359	-0.279338	0.610087	0.415483	-0.118764	-0.308248	-0.325152
YFR016C	85/MIO7	0.589882	0.241239	0.034249	-0.205960	-0.007463	0.805480	0.270064	0.001940	-0.061352	0.384004	0.283734	-0.100100	-0.242447	-0.029860	0.699233	0.235696	-0.039404	-0.224769	-0.066155
YDR408C	25/GSO2	0.390580	0.238382	-0.245181	-0.129926	-0.018402	0.549685	0.425782	-0.249349	-0.058586	0.581699	0.283278	-0.233687	-0.076554	-0.090531	0.514257	0.521414	-0.210138	-0.146728	-0.072665
YGL018C	38/AXU6	0.595835	0.472739	-0.292355	0.137848	-0.290456	0.567932	0.591001	-0.274027	-0.260807	0.572597	0.192746	-0.261698	0.051591	-0.283836	0.656174	0.843561	-0.237377	0.052073	-0.218817
YMR157C	34/IYA2	0.542024	0.095611	-0.306839	-0.019625	-0.128728	0.500787	0.237079	-0.318921	-0.126949	0.641295	0.165549	-0.297825	-0.105106	-0.053518	0.431224	0.318220	-0.336589	0.187649	-0.079514
YBL017C	44/WWV7	0.582789	0.490415	-0.345288	-0.258441	-0.150033	0.254417	0.228032	-0.346312	-0.195210	0.719135	0.714522	-0.329752	-0.253281	-0.131872	0.317490	0.372483	-0.333262	-0.301176	-0.189949
YKL150W	18/BTL4	0.411364	0.349982	-0.313044	0.031979	-0.334277	0.393076	0.190753	-0.324137	-0.348605	0.225327	0.397161	-0.326301	-0.056569	-0.330637	0.459997	0.171527	-0.303535	0.048836	-0.336023
YGL166W	51/ADL6	0.489693	0.066927	-0.286840	-0.102756	-0.112421	0.275459	0.067515	-0.278846	-0.189508	0.235295	0.196883	-0.257021	-0.058325	-0.104668	0.089926	0.118073	-0.287725	-0.229892	-0.260830
YNL304W	60/QIJ1	0.181642	-0.089794	-0.383027	-0.027096	-0.234560	0.027772	-0.172081	-0.384349	-0.186965	0.315931	-0.161091	-0.380827	-0.119292	-0.232877	0.155266	-0.168019	-0.386746	-0.123336	-0.250363
YDR423C	58/MHJ1	0.205963	-0.012819	-0.196077	0.022089	-0.117002	0.045131	-0.051145	-0.131772	-0.165158	0.125674	0.024082	-0.134241	0.061456	-0.116993	0.129943	-0.151241	-0.151815	0.011133	-0.184405
YJR062C	33/OBM8	0.108545	-0.060348	-0.380811	0.026994	-0.166847	0.256515	-0.075856	-0.383598	-0.233045	0.125312	-3.592931	-0.379937	0.010281	-0.182225	0.391131	-0.049304	-0.383085	0.113538	-0.198608
YML062C	70/QOT1	0.103181	-0.076862	-0.359611	-0.221922	-0.231634	0.218648	-0.106764	-0.353232	-0.192484	-0.034410	-0.106859	-0.355804	-0.238197	-0.187713	0.385670	-0.200443	-0.360279	-0.242737	-0.198058
YBR244W	76/FEN5	-0.116277	-0.170732	-0.378658	-0.120055	-0.345494	-0.082163	-0.167302	-0.373836	-0.336095	-0.084423	-0.135525	-0.383680	-0.172625	-0.346905	0.016786	-0.151502	-0.374629	-0.162546	-0.338466
YBR022W	58/WXW1	0.413470	0.075299	-0.038730	-0.104375	-0.363243	0.139257	-0.058411	-0.151441	-0.368550	0.179998	0.088384	-0.154970	-0.160740	-0.356723	0.054489	-0.094209	-0.160606	0.002956	-0.363481
YML100W	22/ECX7	0.441349	-0.037997	-0.208686	-0.120410	-0.352344	0.166162	-0.055077	-0.223005	-0.353181	0.581790	-0.036915	-0.182573	-0.197645	-0.348553	0.204291	-0.033743	-0.171010	-0.102029	-0.356117
YBR044C	52/FNO4	0.387553	-0.072426	-0.322950	-0.201186	-0.349247	0.280659	0.016432	-0.328091	-0.335735	0.125511	-0.178128	-0.337657	-0.251305	-0.361663	0.261995	0.129821	-0.351809	-0.078344	-0.331892
YHR100C	06/OYC3	0.302829	-0.126611	-0.109998	-0.192404	-0.357077	0.386156	-0.173995	-0.056841	-0.364210	0.198655	-0.128268	-0.023991	-0.161175	-0.367271	0.354668	-0.172534	-0.159532	-0.216885	-0.355994
YBR173C	73/EMJ8	0.536637	-0.196489	-0.149406	-0.371930	-0.383199	0.411042	-0.210099	-0.197353	-0.388494	0.673169	-0.133624	-0.084513	-0.374546	-0.384133	0.651707	-0.267172	-0.190383	-0.370361	-0.385463
YOR347C	50/FIT3	0.250511	-0.275504	-0.189460	-0.192870	-0.317016	0.318390	-0.236569	-0.241596	-0.306383	0.343296	-0.241079	-0.229476	-0.258660	-0.317428	0.245086	-0.205193	-0.283512	-0.241620	-0.319112
YEL007W	12/SGN3	0.275885	-0.289453	0.073136	-0.301393	-0.285377	0.298456	-0.295509	-0.074358	-0.263952	0.308385	-0.254099	-0.052178	-0.326836	-0.285540	0.346904	-0.323592	-0.009172	-0.309222	-0.301876
YMR150C	21/WNT6	0.290149	-0.299631	-0.135885	0.122904	-0.304470	0.181088	-0.272111	-0.086255	-0.279932	0.459065	-0.282164	-0.190583	0.033605	-0.309470	0.108591	-0.263731	-0.007425	0.044562	-0.256974
YHR090C	08/PXP1	0.556901	-0.218616	-0.048483	0.162862	-0.318162	0.465710	-0.241986	-0.124664	-0.339362	0.795244	-0.183402	0.017313	0.207828	-0.300902	0.308800	-0.208573	-0.173475	0.224374	-0.349783
YBR174C	07/GVC5	0.214066	-0.361110	-0.135826	0.088939	-0.055022	0.389404	-0.362346	-0.100716	-0.044998	0.242061	-0.360985	-0.062650	0.242535	-0.133063	0.136345	-0.364062	-0.019863	-0.025854	-0.162057
YJR044C	18/FQY6	0.158234	-0.068552	-0.106653	0.153384	-0.361447	0.169251	-0.093033	-0.156852	-0.360823	0.118832	-0.072865	-0.081652	-0.013458	-0.352339	0.291417	-0.070586	-0.204054	0.286981	-0.356338
YNR045W	28/WVM7	0.023178	-0.156725	-0.162684	0.297653	-0.305210	0.099037	-0.154456	-0.198463	-0.292512	0.123236	-0.121645	-0.087080	0.408461	-0.312142	0.214156	-0.140671	-0.142552	0.258704	-0.327183
YFR029W	24/NLY4	0.124503	0.115650	0.096012	-0.162788	-0.391733	0.170750	-0.057900	0.002947	-0.393029	0.196052	0.254917	0.019803	-0.176596	-0.391456	0.236318	-0.142814	-0.122970	-0.234830	-0.394158
YJL155C	67/GYK4	0.477379	-0.025125	-0.232603	0.456890	0.273563	0.207889	0.008465	-0.249365	0.222441	0.695701	-0.027316	-0.228836	0.490216	0.074496	0.038656	-0.023871	-0.255515	0.249656	0.213862
YJL108C	56/YUC0	0.526305	-0.129648	-0.090229	0.390957	0.402807	0.531232	-0.129439	-0.179070	0.252763	0.780527	-0.136522	-0.024408	0.576003	0.142578	0.274188	-0.125541	-0.137448	0.097717	0.097169
YDR530C	33/MKI4	0.431186	-0.318563	-0.383991	0.570840	0.205533	0.553556	-0.343902	-0.388220	0.170841	0.195652	-0.345967	-0.389364	0.769534	0.286026	0.496003	-0.362662	-0.391871	0.585830	-0.005097
YFR030W	14/GAM1	0.358732	-0.361336	-0.378287	0.327799	0.232117	0.524505	-0.362368	-0.376381	0.103641	0.469956	-0.351591	-0.384412	0.139668	0.432074	0.396673	-0.353014	-0.382736	0.309967	0.237877
YBR089W	35/AQN8	0.562214	-0.187087	-0.264381	0.562888	0.135595	0.758090	-0.246706	-0.292108	0.072673	0.819715	-0.243332	-0.264685	0.362856	-0.015114	0.646999	-0.234934	-0.320790	0.669619	0.061363
YGL165C	43/ORD2	0.564182	-0.337907	-0.003324	0.192399	0.341978	0.871655	-0.320658	-0.090446	0.112400	0.640143	-0.333561	0.070162	0.165719	0.520385	0.609232	-0.301258	-0.076044	0.417221	0.087958
YIR014W	54/OTQ5	0.444658	-0.305957	-0.328597	0.027133	-0.022408	0.466657	-0.301106	-0.307719	-0.077144	0.221259	-0.321022	-0.347600	0.097535	0.010514	0.281259	-0.314175	-0.330974	-0.006393	-0.142034
YKL122C	65/OQQ8	0.581989	-0.236286	-0.328332	0.085459	0.052141	0.685928	-0.212259	-0.321881	0.164291	0.267171	-0.283652	-0.346757	0.238496	-0.072591	0.796353	-0.177869	-0.308316	-0.038691	0.076526
YHR097C	85/FUR2	0.425230	-0.333365	0.075608	0.383718	0.380170	0.196881	-0.340588	-0.034294	0.143337	0.444947	-0.333547	0.204990	0.627238	0.176045	0.356605	-0.343936	-0.093196	0.208150	0.061671
YJR049C	68/QHE6	0.245109	0.005698	-0.193175	0.180806	0.012786	0.348619	-0.050530	-0.129664	-0.053937	0.203158	0.130147	-0.230763	0.132669	-0.085395	0.368687	-0.096630	-0.148384	-0.014601	-0.146821
YLR060W	35/PWL0	0.411538	0.099319	-0.370689	0.168467	0.098936	0.199295	-0.053837	-0.364127	-0.019484	0.618213	0.158388	-0.375623	0.087114	0.110193	0.021028	-0.129431	-0.359184	0.224598	-0.084540
YHL020C	33/BBA1	0.161961	0.236097	-0.154245	0.240816	-0.074679	0.339881	0.213897	-0.226185	-0.045670	0.165774	0.271816	-0.209543	0.368019	-0.143483	0.284191	0.108596	-0.273388	0.092821	-0.166122
YER123W	41/CHI4	0.279811	0.314851	-0.368626	0.526238	-0.278768	0.412146	0.413899	-0.364320	-0.306246	0.276329	0.310028	-0.366472	0.734754	-0.240263	0.316276	0.379426	-0.365262	0.388175	-0.281520
YPR180W	85/LQD2	0.304871	0.231999	-0.314287	0.473275	-0.247244	0.526600	0.203050	-0.306332	-0.293135	0.120190	0.431240	-0.320583	0.265065	-0.262609	0.652720	0.103742	-0.327713	0.189242	-0.305840
YNL236W	11/WVM5	0.336519	0.121053	-0.037704	0.517252	-0.204814	0.232855	0.099870	0.020855	-0.163915	0.139945	0.123153	-0.082800	0.534185	-0.256814	0.366837	0.125709	-0.035374	0.223902	-0.109126
YJL032W	11/HBT1	0.324188	0.374079	-0.198578	0.532750	-0.214024	0.399128	0.415783	-0.138770	-0.158632	0.335994	0.187054	-0.152063	0.641845	-0.157239	0.190548	0.180523	-0.195490	0.804538	-0.238083
YBR279W	75/RSO7	0.583162	0.379344	-0.230686	0.429384	-0.189530	0.309020	0.180290	-0.190771	-0.145871	0.758708	0.329118	-0.248730	0.457793	-0.146673	0.358201	0.025022	-0.190731	0.598830	-0.195087
YBR253W	53/UQV6	0.470718	0.146626	-0.064577	0.469493	-0.029294	0.467576	0.052185	-0.134144	0.015409	0.441863	0.307407	-0.162465	0.512509	0.078525	0.465110	0.114298	-0.065326	0.994763	-0.014020
YJL105W	48/GOB2	0.217697	0.010225	-0.219530	0.430430	0.128109	0.175548	-0.010477	-0.176248	-0.013457	0.196835	0.103316	-0.270911	0.551227	0.026608	0.139633	-0.026379	-0.230981	0.725536	-0.040333
YJL180C	72/OLQ3	-0.007659	0.029481	-0.314351	0.437217	-0.188268	0.116365	0.117991	-0.303447	-0.176791	-0.051315	0.131977	-0.304532	0.370283	-0.194496	0.252816	0.041213	-0.294044	0.926572	-0.238236
YLR237W	77/NSK3	0.236177	-0.069457	-0.332942	0.375996	-0.191957	0.168155	-0.078727	-0.344910	-0.234017	0.328879	-0.035762	-0.315105	0.141947	-0.225237	0.126260	-0.057608	-0.357355	0.545643	-0.250647
YHR171W	48/UWR1	0.293900	0.183281	-0.009922	0.452970	-0.283638	0.089643	0.002980	-0.040431	-0.315765	0.229855	0.006497	-0.080648	0.480121	-0.261727	0.033074	-0.129160	0.031169	0.605860	-0.307570
YCL067C	88/QYV8	0.291086	0.064235	-0.161346	0.548627	-0.256438	0.115179	-0.025013	-0.144259	-0.302784	0.155814	-0.055137	-0.112184	0.458321	-0.216985	0.139408	-0.102376	-0.072930	0.662597	-0.326351
YGR013W	63/DMN1	-0.043529	0.134482	-0.060333	0.539335	-0.387857	-0.081171	0.022599	-0.013530	-0.384750	-0.098926	0.051086	0.029320	0.611769	-0.389811	-0.136731	0.004305	-0.069196	0.435939	-0.385741
YJL021C	50/ECC8	0.301553	0.140785	0.204996	0.315285	-0.320301	0.284783	0.035997	0.146557	-0.341062	0.251390	0.241696	0.367891	0.153900	-0.304680	0.213352	0.097869	0.205200	0.655902	-0.329535
YBR077C	84/SUR3	0.383759	0.341050	0.223800	0.437046	-0.383222	0.633326	0.403951	0.029522	-0.385801	0.247154	0.169109	0.363947	0.252389	-0.380633	0.299182	0.286848	0.163717	0.671020	-0.384845
YAL061W	28/QGO1	0.534194	0.286486	0.209473	0.377982	-0.395963	0.589186	0.237058	0.199696	-0.395362	0.447559	0.453506	0.252940	0.200942	-0.396703	0.462764	0.269987	0.203403	0.298738	-0.394856
YGL013C	42/RKP6	0.475834	0.238594	0.208511	0.538888	-0.178448	0.191845	0.090606	0.091849	-0.252400	0.570551	0.381917	0.397720	0.449110	-0.204551	0.250764	0.166075	0.242410	0.998042	-0.249676
YCR086W	87/EGD8	0.521497	0.264549	0.055224	0.412875	-0.186026	0.213662	0.346782	-0.070339	-0.175359	0.305275	0.345452	0.161248	0.463603	-0.210315	0.009249	0.334436	0.007609	0.303441	-0.180487
YLR170C	87/RLP3	0.554531	0.277061	-0.178858	0.312929	0.163001	0.404989	0.106850	-0.222237	0.054397	0.725068	0.260675	-0.149858	0.338944	0.110238	0.469999	0.227964	-0.191766	0.100168	0.106061
YDR129C	31/USJ1	0.525256	0.487555	-0.130848	0.406946	-0.019103	0.351858	0.757690	-0.056872	-0.088963	0.688880	0.580019	-0.219526	0.583614	-0.010141	0.387984	0.378951	-0.097895	0.064429	-0.036814
YER029C	56/GFC8	0.598936	0.386676	0.205381	0.267001	-0.062550	0.259646	0.380823	0.274035	-0.143532	0.899729	0.211571	0.143610	0.476566	-0.060070	0.292708	0.499786	0.193778	0.429584	-0.100426
YDR074W	87/YGW6	0.496554	0.141425	0.093854	0.175909	-0.128985	0.359727	0.234794	0.179856	-0.135522	0.632093	0.211230	-0.049220	0.196456	-0.115843	0.112701	0.329587	0.085190	-0.040586	-0.166336
YGR130C	73/NDM3	0.479364	0.128529	-0.054777	0.368535	-0.295417	0.419302	0.188197	0.021400	-0.284211	0.703023	0.195723	-0.064370	0.224764	-0.312136	0.428776	0.099788	0.058551	0.070798	-0.294132
YIL023C	51/EEX4	0.392435	0.329942	0.315324	0.027430	-0.195191	0.459311	0.394423	0.285707	-0.163228	0.552595	0.350872	0.295675	0.041542	-0.260525	0.699517	0.303964	0.221721	-0.045157	-0.182142
YBR251W	78/VNI5	0.441891	-0.330350	0.214311	-0.269145	-0.355934	0.428382	-0.313774	0.224338	-0.354659	0.647088	-0.328254	0.252488	-0.280810	-0.370526	0.155017	-0.317768	0.101936	-0.339342	-0.360022
YIL112W	71/WDG6	0.350432	-0.149359	0.072052	-0.219815	-0.256735	0.410189	-0.168540	0.085829	-0.239133	0.350180	-0.081998	-0.015678	-0.192442	-0.271449	0.218583	-0.181945	0.131980	-0.244200	-0.233136
YFR043C	07/LVD2	0.446126	-0.383535	0.419384	-0.242320	-0.330973	0.659523	-0.384900	0.259254	-0.339370	0.301834	-0.380077	0.200209	-0.281395	-0.332368	0.399403	-0.385985	0.094898	-0.205119	-0.320582
YCR075C	28/MJW1	0.423352	-0.269403	0.263269	-0.082544	-0.191309	0.370673	-0.291505	0.282791	-0.221802	0.584076	-0.256556	0.138548	-0.080581	-0.176414	0.162168	-0.327502	0.425192	0.005547	-0.236657
YHR121W	52/SNV4	0.310656	-0.056686	0.138977	-0.085192	-0.367730	0.244492	-0.089125	0.306192	-0.360408	0.347228	0.031125	0.076547	-0.104732	-0.377355	0.266091	-0.061740	0.083024	-0.139778	-0.373108
YMR041C	40/UCU7	0.246719	-0.052047	0.298514	0.064040	-0.346865	0.442602	0.001545	0.421675	-0.344041	0.386626	-0.003721	0.350396	-0.050965	-0.342901	0.580667	-0.001733	0.159768	-0.001570	-0.337482
YFR035C	80/CRC2	0.220617	0.045190	0.257047	-0.182827	-0.312131	0.340514	0.093829	0.066761	-0.292621	0.257193	-0.099384	0.163645	-0.130242	-0.309096	0.436567	-0.058007	0.101701	-0.226898	-0.281427
YER182W	74/JVI4	0.041172	-0.153310	0.051208	-0.044340	-0.109129	0.138926	-0.076079	0.040810	-0.205625	0.160247	-0.173583	0.164862	-0.133558	-0.206382	0.310349	-0.103545	0.141756	-0.023074	-0.155864
YNL003C	60/JKE6	0.206756	-0.023056	0.084129	0.146198	-0.167600	0.398699	-0.056748	0.055745	-0.238143	0.349958	-0.104808	0.011347	-0.021319	-0.107818	0.593715	-0.113607	-0.018150	0.138642	-0.217701
YBL026W	22/DAH4	0.550979	-0.292082	0.017400	0.547052	-0.369025	0.563458	-0.323134	0.072956	-0.360572	0.409274	-0.266473	-0.099294	0.508882	-0.370107	0.831919	-0.333303	0.034929	0.275766	-0.364454
YBR086C	16/VBY0	0.277247	-0.279676	0.214511	0.370532	-0.031389	0.364860	-0.311054	0.037298	0.023964	0.279447	-0.258309	0.211974	0.217753	-0.005229	0.585401	-0.319990	-0.098836	0.333452	-0.081130
YOL009C	76/HMW2	0.444560	-0.180738	0.193422	0.139730	-0.071497	0.508979	-0.224992	0.030398	-0.009209	0.433694	-0.250153	0.225906	0.299177	-0.159480	0.382431	-0.264365	-0.039384	0.272726	0.049441
YIL158W	36/NRR5	0.541967	-0.233327	0.589262	0.353918	0.015848	0.786895	-0.224378	0.449704	0.046236	0.613806	-0.228220	0.510397	0.584998	-0.084823	0.697333	-0.205727	0.555825	0.273090	-0.080377
YIL083C	00/AQI7	0.542180	0.079297	0.582493	0.526139	-0.160318	0.665555	0.030892	0.406472	-0.197901	0.560264	-0.048306	0.607536	0.214466	-0.213039	0.905343	-0.032970	0.200560	0.219019	-0.262827
YBR200W	15/YKJ5	0.280438	-0.366789	0.393418	0.140565	-0.377963	0.295200	-0.357538	0.392492	-0.379917	0.284393	-0.358220	0.176441	0.039470	-0.380725	0.385662	-0.344432	0.640509	0.145738	-0.382545
YLR192C	45/LAV2	0.532601	-0.317420	0.453679	0.392221	-0.324379	0.338198	-0.313370	0.524819	-0.331644	0.824755	-0.333654	0.598987	0.394495	-0.326154	0.224308	-0.312592	0.575085	0.388892	-0.340423
YER065C	77/NGO7	0.201465	-0.364475	0.545100	0.567253	-0.196148	0.244411	-0.355727	0.291537	-0.252889	0.019160	-0.368179	0.252884	0.610376	-0.256562	0.195424	-0.345216	0.366820	0.391779	-0.295210
YGR051C	16/BKA2	0.442057	-0.021998	0.134898	0.071119	0.053900	0.683628	-0.076343	0.115869	-0.001162	0.177221	0.011107	0.110213	0.095419	0.037295	0.335262	0.003861	0.050551	0.145920	-0.019877
YDL168W	62/APD7	0.092140	-0.161082	0.056154	-0.045217	-0.029272	0.207523	-0.217579	-0.015526	-0.064151	0.131002	-0.159697	0.183645	-0.123733	-0.066385	0.255017	-0.198147	-0.137175	-0.098496	-0.032768
YHR134W	50/ATB5	-0.203473	-0.370916	0.005697	0.368051	-0.354383	-0.140737	-0.371437	-0.087213	-0.344501	-0.226825	-0.373488	0.117612	0.536201	-0.353091	-0.197584	-0.370872	-0.063858	0.325330	-0.349193
YKL111C	74/FIO8	0.011871	-0.365303	-0.034612	0.220933	-0.268209	-0.054100	-0.365528	-0.149708	-0.244079	0.049854	-0.360968	-0.111643	0.399110	-0.286478	-0.016559	-0.371593	-0.196136	0.163698	-0.234322
YBL043W	17/PSL6	-0.115229	-0.370324	-0.385425	0.390512	-0.241669	-0.061937	-0.369707	-0.382581	-0.199807	-0.167618	-0.363120	-0.385796	0.519121	-0.291694	-0.014272	-0.367695	-0.386339	0.535370	-0.252138
YDL018C	78/SIY1	-0.012761	-0.256925	0.095724	-0.026553	-0.021987	0.021977	-0.245602	0.001972	0.052605	0.061743	-0.260019	-0.020173	0.052473	-0.127666	-0.005745	-0.256912	-0.038348	0.138797	-0.002441
YBL108W	21/GAH1	0.067279	-0.311261	-0.092198	-0.057603	-0.087519	0.095195	-0.338876	-0.125883	-0.014198	0.048479	-0.301543	-0.132686	-0.141513	-0.081592	0.045067	-0.336081	-0.162101	-0.073223	-0.082118
YHR024C	12/AWF2	-0.031412	-0.248834	-0.046609	-0.122313	0.002785	-0.008943	-0.296328	-0.137356	-0.007840	-0.122753	-0.270133	-0.155740	-0.059837	0.032173	0.075176	-0.305041	-0.138166	-0.188474	-0.136638
YKR071C	76/BLF7	0.068607	-0.279009	-0.306564	-0.264212	-0.104485	0.116441	-0.286029	-0.301398	-0.057560	-0.087709	-0.305401	-0.312099	-0.252436	-0.066425	0.068263	-0.286700	-0.330034	-0.305497	-0.130945
YAR068W	03/KWH8	0.114021	-0.249838	-0.374626	-0.257919	-0.006123	-0.046496	-0.283045	-0.371744	-0.039148	0.170091	-0.215380	-0.381127	-0.266673	0.074441	-0.072848	-0.318637	-0.365449	-0.301182	-0.050378
YGR075C	23/STB5	0.193567	-0.283867	-0.363265	0.068701	-0.054985	0.183807	-0.254409	-0.358192	0.027109	0.015414	-0.300459	-0.374279	0.137447	-0.041567	0.106442	-0.299245	-0.351158	-0.059042	0.150300
YFR015C	67/LTT0	-0.349074	-0.257334	-0.169876	0.423179	-0.046245	-0.354517	-0.274132	-0.112188	-0.056259	-0.340485	-0.227255	-0.210260	0.453858	0.036855	-0.355656	-0.280839	-0.178928	0.580248	0.037115
YKL223W	03/BID4	-0.320103	-0.155326	-0.212954	0.498933	0.029058	-0.304563	-0.136956	-0.184586	0.156725	-0.315036	-0.225971	-0.229909	0.268218	-0.041047	-0.277285	-0.220579	-0.148534	0.300444	-0.014006
YDR059C	68/XPD7	-0.258822	-0.262092	-0.319777	0.426331	0.317156	-0.281656	-0.247676	-0.316225	0.425127	-0.306309	-0.264481	-0.313330	0.389547	0.250732	-0.280589	-0.231141	-0.313766	0.813461	0.239082
YBR211C	81/WWM3	-0.075076	-0.280986	-0.273818	0.395286	0.269117	-0.118321	-0.307926	-0.246140	0.269020	0.027112	-0.258915	-0.280406	0.231513	0.233416	-0.177179	-0.283954	-0.261430	0.373247	0.404464
YIL090W	76/JFE8	-0.326139	-0.247052	0.007449	0.236360	0.042428	-0.338142	-0.284571	0.038022	0.041864	-0.342984	-0.268526	0.046115	0.261180	4.402549	-0.319644	-0.309190	-0.024198	0.095791	0.161406
YGL154C	35/YXB2	-0.040923	-0.229911	-0.197603	-0.147473	0.153823	-0.081023	-0.249699	-0.190076	0.136839	-0.137934	-0.242107	-0.167441	-0.192569	0.125808	-0.138055	-0.212212	-0.229614	-0.155142	0.308428
YCL030C	04/TSG7	-0.067937	-0.126532	-0.239917	-0.015633	0.328862	-0.136237	-0.208909	-0.244227	0.185145	-0.134810	-0.182216	-0.292414	0.034052	0.092710	-0.144819	-0.200339	-0.203704	-0.140966	0.242178
YPR002W	81/CUQ2	-0.115792	-0.353806	-0.215456	0.142041	0.214432	-0.111941	-0.364130	-0.173910	0.174433	-0.180360	-0.356444	-0.169307	0.268997	0.112025	-0.172011	-0.358340	-0.202806	-0.119558	0.284340
YJR056C	30/MQD3	-0.388327	-0.219441	-0.304619	0.316363	0.246092	-0.390309	-0.251079	-0.329222	0.417158	-0.391198	-0.243951	-0.302799	0.119375	0.158986	-0.390463	-0.278805	-0.322829	-0.041815	0.407234
YGL208W	20/TNI8	-0.346034	-0.022025	-0.294023	-0.160015	0.139135	-0.352363	-0.141188	-0.275536	0.271137	-0.339257	-0.139272	-0.265211	-0.112005	0.144718	-0.359202	-0.139781	-0.259348	-0.200107	0.168961
YIL010W	72/FVO3	-0.187855	-0.288823	-0.258204	0.077418	0.595733	-0.213522	-0.272903	-0.286854	0.458272	-0.206201	-0.262798	-0.263987	0.178351	0.906291	-0.189137	-0.315377	-0.271046	-0.076633	0.280081
YHR192W	43/IHB6	0.044541	-0.084307	-0.298488	-0.051665	0.406296	0.017187	-0.112160	-0.285761	0.193449	0.031195	-0.031595	-0.306887	-0.013995	0.342324	0.071376	-0.158581	-0.265751	0.079762	0.108338
YBL019W	85/GVW6	-0.132494	-0.134189	-0.068182	-0.024299	-0.071372	-0.181705	-0.164654	-0.037974	-0.051645	-0.211443	-0.060409	-0.028634	-0.083456	-0.175085	-0.221004	-0.162395	0.044502	-0.039854	-0.111273
YGR172C	05/LTJ2	0.017567	0.280202	-0.349847	0.439705	-0.105864	0.129203	0.437515	-0.338809	-0.187924	0.075761	0.434948	-0.357146	0.459055	-0.079907	0.107658	0.182122	-0.331272	0.353209	-0.194486
YDL020C	11/XFV2	0.025670	0.214965	-0.294885	0.454479	-0.164630	-0.069806	0.160239	-0.320893	-0.196525	0.053650	0.391498	-0.262918	0.722734	-0.118629	-0.131200	0.182971	-0.305550	0.394615	-0.146673
YAL027W	11/IIP8	-0.123995	0.225549	0.004672	0.213523	-0.056968	-0.117476	0.082991	-0.120262	-0.171754	-0.132094	0.283210	-0.078047	0.327113	0.028155	-0.148962	0.024867	-0.196909	-0.052554	-0.136615
YDR519W	46/CCE4	-0.123814	-0.038523	-0.389068	0.167845	-0.155710	-0.038964	-0.083978	-0.386797	-0.142461	-0.061449	0.007541	-0.386320	0.152556	-0.103404	-0.093565	-0.070421	-0.390811	0.227691	-0.076256
YNL242W	38/KXM2	-0.264053	0.016724	-0.136128	0.583513	-0.279966	-0.233219	0.144498	-0.075811	-0.257573	-0.278552	-0.114899	-0.215117	0.466139	-0.256502	-0.189697	0.129189	-0.020679	0.081685	-0.278537
YDR498C	74/KWF3	-0.376453	0.313465	-0.104898	-0.036645	-0.234577	-0.372783	0.256458	-0.053485	-0.279359	-0.369552	0.140899	-0.166467	-0.077114	-0.278428	-0.370260	0.196021	-0.100470	0.012538	-0.254813
YGR026W	21/WJP8	-0.341432	0.265897	-0.071122	0.065898	-0.318180	-0.322990	0.371229	-0.007648	-0.334283	-0.322884	0.317265	-0.120184	-0.035491	-0.335971	-0.318938	0.444834	-0.069171	-0.023456	-0.325644
YBR212W	80/DBU0	-0.379527	0.358644	-0.243258	0.103337	-0.387728	-0.377537	0.363880	-0.287947	-0.391341	-0.383927	0.570892	-0.277887	0.210373	-0.390854	-0.373419	0.504889	-0.323901	-0.060076	-0.391297
YBR094W	34/FJN0	-0.332859	0.506734	-0.263111	0.215694	-0.189537	-0.349779	0.338378	-0.242013	-0.177621	-0.333855	0.561111	-0.277648	0.263768	-0.153953	-0.335926	0.323468	-0.211070	-0.102823	-0.170946
YEL052W	31/JPO5	-0.212002	0.162292	-0.313017	-0.101178	-0.076791	-0.229171	0.194534	-0.300455	-0.091800	-0.262938	0.338757	-0.289695	-0.048834	-0.185024	-0.183345	0.139311	-0.318570	-0.224123	-0.084952
YIL024C	25/FXH2	-0.055946	0.501345	-0.141210	-0.298266	-0.263633	-0.022293	0.538293	-0.179368	-0.273610	-0.056448	0.298508	-0.113471	-0.277509	-0.280024	-0.108029	0.412736	-0.193344	-0.305661	-0.299573
YNL058C	43/QXO4	-0.158430	0.331938	-0.114587	-0.189165	-0.182554	-0.109544	0.487195	-0.128431	-0.187849	-0.098288	0.120848	-0.119925	-0.179460	-0.113004	-0.161003	0.500655	-0.189423	-0.274809	-0.182772
YLR036C	11/PLP0	-0.155411	0.466857	-0.301904	-0.392841	-0.201497	-0.113468	0.480453	-0.274949	-0.221101	-0.194387	0.510059	-0.278152	-0.392949	-0.183521	-0.149468	0.348446	-0.238376	-0.394525	-0.237520
YMR272C	13/YAA2	0.017612	0.391802	-0.280506	-0.320690	-0.229873	-0.094217	0.237493	-0.297133	-0.211967	0.062195	0.255234	-0.256279	-0.306674	-0.196499	-0.068000	0.375119	-0.328716	-0.335107	-0.217747
YFL023W	68/DRI8	0.124265	0.485152	-0.267273	-0.224293	-0.062099	-0.003653	0.700450	-0.275316	-0.140870	0.029096	0.428097	-0.284313	-0.193621	-0.056275	-0.072642	0.476864	-0.286514	-0.233032	-0.120893
YNL245C	05/NHC5	0.048516	0.380439	-0.218399	-0.196232	0.078993	-0.058723	0.514214	-0.262699	0.034461	-0.070335	0.505613	-0.211811	-0.232630	0.060181	-0.093518	0.541382	-0.307947	-0.194959	0.045222
YKL123W	56/JTJ4	-0.040936	0.536709	0.029774	0.065837	-0.050692	-0.138762	0.678256	-0.028942	-0.012100	-0.133245	0.811352	-0.005213	-0.014422	-0.126513	-0.130900	0.770279	-0.032868	-0.150441	-0.064161
YBR282W	31/BLG0	0.079507	0.495196	-0.217731	0.169666	-0.011071	0.031329	0.693968	-0.212969	-0.010060	0.107256	0.280000	-0.267615	0.180090	0.017318	0.144321	0.824651	-0.180668	-0.054665	-0.043944
YKL063C	37/RWY7	0.080410	0.076249	-0.327505	-0.014713	0.070395	-0.082346	0.170115	-0.313603	-0.018677	-0.077520	-0.068191	-0.310879	-0.124810	0.199736	-0.187457	0.348915	-0.307563	0.077968	-0.112390
YGL041C	17/YTS2	-0.132110	0.209418	-0.275360	-0.346474	0.137178	-0.113756	0.159145	-0.253558	0.159348	-0.193189	0.340753	-0.307449	-0.341156	0.140940	-0.186479	0.101057	-0.276643	-0.364426	0.090727
YDR167W	65/EVB5	-0.058200	0.116954	-0.139008	-0.339787	0.176552	-0.166586	-0.004234	-0.198980	0.140008	-0.140767	-0.037091	-0.153431	-0.359901	0.126995	-0.188247	0.113484	-0.225426	-0.355772	-0.008033
YLR229C	31/NSS4	-0.358891	0.160714	-0.062488	-0.392402	0.086271	-0.356264	0.050033	-0.150897	0.078672	-0.360265	0.048233	0.007277	-0.390895	0.097930	-0.351066	-0.098787	-0.213058	-0.391118	0.111326
YBR172C	07/RSY0	-0.266130	0.216138	0.080242	-0.038748	0.342997	-0.289020	0.055618	-0.009421	0.188252	-0.308421	0.319631	0.088678	-0.106859	0.111054	-0.270705	-0.054843	0.098950	-0.169999	0.141881
YER118C	07/ARD4	-0.323853	0.453657	-0.085305	0.358666	0.084153	-0.345240	0.311199	-0.076899	0.120700	-0.315644	0.646457	-0.130299	0.309991	0.114559	-0.330156	0.198697	-0.074969	0.259488	-0.012456
synth239	51/PJU4	-0.369103	0.572954	0.199907	0.044874	0.031604	-0.373865	0.264367	0.068057	0.164529	-0.366034	0.478473	0.118737	0.142105	0.138493	-0.366263	0.174025	0.136183	0.127003	0.136527
YMR282C	03/BDD2	-0.325037	0.422740	0.109319	0.446079	0.176767	-0.324464	0.660427	0.169625	0.324742	-0.324296	0.521004	0.084817	0.221222	0.022713	-0.327379	0.752226	0.091623	0.295771	0.452494
YFL062W	53/TTN0	-0.370022	0.595348	-0.060951	0.249010	0.332717	-0.377723	0.726320	0.040834	0.566894	-0.373351	0.435563	-0.138822	0.157348	0.251248	-0.377620	0.972691	-0.106907	0.092378	0.513970
YGL142C	55/OJI3	0.046381	0.532583	-0.161401	0.557338	0.485914	-0.084769	0.537958	-0.222602	0.314691	-0.011039	0.707100	-0.171610	0.863199	0.317602	-0.134460	0.606558	-0.253937	0.313088	0.450032
YFL006W	06/XQP1	-0.074330	0.290216	-0.281384	0.569553	0.124682	-0.070186	0.341203	-0.315361	0.159576	-0.068545	0.332611	-0.271265	0.492075	0.233460	-0.001778	0.442935	-0.333337	0.245442	0.095466
YIL046W	73/OXS5	-0.251114	0.537133	-0.292850	0.142415	0.234891	-0.249962	0.410161	-0.281156	0.074209	-0.210072	0.387885	-0.278937	0.295326	0.293007	-0.217704	0.173520	-0.304385	0.016424	0.162717
synth291	17/JOI7	-0.264378	0.151904	-0.318864	0.429793	0.466789	-0.304109	0.146384	-0.304995	0.528881	-0.308787	0.259348	-0.296805	0.474028	0.665211	-0.328279	0.048190	-0.303981	0.639545	0.319592
synth291	01/IHY6	-0.263917	0.025735	-0.201554	0.599324	0.360293	-0.245702	0.111330	-0.253507	0.266654	-0.287041	-0.083563	-0.266462	0.424008	0.435555	-0.200853	0.084989	-0.222930	0.702725	0.414926
YDR079W	16/QXF5	-0.397661	0.366646	-0.112456	0.426710	0.533328	-0.397453	0.147568	-0.052641	0.703418	-0.397437	0.138757	-0.061254	0.592678	0.746638	-0.397246	0.182875	-0.044987	0.525374	0.545283
YDR518W	10/TGT4	-0.302556	0.351300	-0.176037	0.519538	0.247015	-0.313105	0.291229	-0.120985	0.357466	-0.281522	0.459426	-0.241598	0.384733	0.168696	-0.322036	0.090227	-0.207984	0.602700	0.466152
YML097C	61/PAI7	-0.172225	0.004543	-0.140440	0.215087	0.232202	-0.161707	0.066922	-0.074551	0.049146	-0.210990	-0.124845	-0.115790	0.327244	0.124093	-0.169106	0.200928	-0.085299	0.254158	0.177557
YAL022C	34/HYD1	-0.334532	0.372493	-0.378140	0.567262	0.263389	-0.333070	0.498311	-0.374227	0.101252	-0.328659	0.584921	-0.377918	0.361206	0.403697	-0.318066	0.344889	-0.380847	1.169377	-0.023879
YER119C	13/OSH3	-0.366339	0.318026	-0.325043	-0.194879	0.527966	-0.367963	0.313121	-0.319260	0.376259	-0.362977	0.285770	-0.321303	-0.204566	0.244633	-0.367843	0.486464	-0.346638	-0.079216	0.411344
YIR025W	26/KNP8	-0.296369	0.346450	-0.311696	-0.283560	0.453534	-0.311220	0.451172	-0.291207	0.413891	-0.321242	0.328904	-0.335729	-0.302270	0.176364	-0.326543	0.249280	-0.291015	-0.300422	0.456790
YJR111C	11/BID0	-0.379638	0.201659	-0.299576	-0.358419	0.427477	-0.373740	0.355705	-0.319837	0.658829	-0.376216	0.052904	-0.332257	-0.357817	0.287021	-0.370866	0.286168	-0.330620	-0.359456	0.970185
YIR005W	83/PEK5	-0.278144	0.523806	-0.390884	-0.040702	0.560486	-0.255203	0.501549	-0.388388	0.680318	-0.265578	0.783718	-0.388303	-0.123703	0.653443	-0.238156	0.768997	-0.384820	-0.119193	0.460866
YPL092W	26/FNO5	-0.202022	0.364461	-0.339767	-0.062630	0.578382	-0.158539	0.439597	-0.324904	0.320982	-0.262169	0.453554	-0.330209	0.039465	0.633098	-0.167081	0.168597	-0.301512	0.050552	0.150572
YOR126C	78/RPW8	1.242313	0.225183	-0.192640	-0.152407	0.542187	-0.084155	0.311337	-0.243890	0.255761	0.107997	0.228370	-0.139702	-0.187110	0.325790	-0.163855	0.312539	-0.215310	-0.144169	0.211150
YHR114W	11/JUH4	-0.014530	0.330961	-0.125682	0.167236	0.446491	-0.048968	0.121583	-0.056760	0.437243	-3.015257	0.315083	-0.211550	0.182787	0.500563	-0.028717	0.133207	-0.020319	0.054078	0.298272
YNL184C	42/IRR6	0.214195	0.584609	-0.332755	0.509601	0.543184	0.022596	0.337449	-0.317418	0.634014	0.102333	0.337513	-0.344921	0.316458	0.463446	-0.109166	0.488128	-0.317746	0.451057	0.701675
YER141W	66/YBO1	-0.218537	0.195585	-0.281272	0.194568	0.521551	-0.254058	0.070767	-0.302546	0.736523	-0.256530	0.073213	-0.276348	-0.003268	0.342934	-0.237024	0.100890	-0.301695	0.129420	0.477988
YPL210C	23/INF2	-0.135160	0.192530	-0.317825	0.228200	0.514104	-0.213172	0.125122	-0.329324	0.773960	-0.158847	0.002909	-0.336821	0.201381	0.677438	-0.196076	0.117029	-0.326148	0.164775	1.048725
YLR212C	21/ELF5	-0.289259	0.465029	-0.323832	0.197568	0.589661	-0.314204	0.623942	-0.310419	0.845044	-0.299929	0.422644	-0.336097	0.016273	0.287409	-0.297629	0.334155	-0.340327	0.410136	0.699719
YKR062W	45/RKG8	-0.086147	0.343364	-0.330321	0.090172	0.356592	-0.132592	0.156042	-0.343799	0.291958	0.013343	0.485681	-0.351073	0.108141	0.238860	-0.182134	0.091505	-0.345973	0.030807	0.467866
YER115C	34/OEQ2	-0.283006	0.198070	-0.103926	0.209022	0.566677	-0.261036	0.215584	-0.148085	0.280886	-0.322280	0.268829	-0.015152	0.103418	0.858468	-0.258377	0.166724	-0.143309	0.006499	0.093241
YGR039W	25/OBR5	-0.287192	0.430106	0.059709	0.041042	0.367889	-0.299298	0.149698	0.059725	0.397197	-0.322207	0.259743	-0.064658	0.098419	0.503718	-0.275944	0.293618	0.204735	0.034302	0.292193
YCR094W	72/YGA0	-0.330197	0.385594	0.068053	-0.310519	0.505954	-0.310741	0.587780	-0.052411	0.573959	-0.309346	0.199986	0.032148	-0.284672	0.634563	-0.291339	0.655053	-0.044762	-0.274745	0.384579
synth194	45/FHQ4	-0.084024	0.280744	-0.007081	-0.256863	0.402560	-0.152725	0.255015	0.037482	0.195507	0.011288	0.126654	0.025999	-0.253427	0.595426	-0.215965	0.322902	-0.036391	-0.325539	0.149109
YDR272W	65/HLL3	-0.338639	0.134721	-0.254485	0.059913	0.148744	-0.319435	-0.009770	-0.213014	0.202739	-0.343075	0.209589	-0.225208	0.199174	0.224844	-0.307439	0.099825	-0.232142	-0.023811	0.358809
YMR294W	65/PNY3	0.006575	0.460443	0.042515	-0.178769	0.126269	0.014295	0.235750	-0.030043	0.009538	-0.051909	0.543280	0.042184	-0.228823	0.115265	0.144652	0.150418	-0.105329	-0.059199	0.127575
YML005W	71/XBO1	0.066540	0.546112	-0.241467	-0.312875	0.308724	0.083357	0.287274	-0.277756	0.324513	-0.064832	0.468929	-0.280979	-0.298667	0.385142	0.153502	0.241155	-0.298013	-0.343994	0.224368
YGR157W	31/ESF4	0.192552	0.453239	-0.143504	0.085901	0.213153	0.258363	0.290694	-0.197917	0.375170	0.019873	0.341786	-0.118725	-0.045286	0.228209	0.098321	0.306562	-0.182480	0.019264	0.364954
YJL011C	20/MLP5	0.180621	0.434375	-0.212720	0.106983	0.141709	0.285961	0.537665	-0.187832	0.226319	0.186285	0.599118	-0.202168	0.117263	0.253375	0.429556	0.329896	-0.179597	0.313217	0.305248
YNL266W	05/UVA2	-0.302097	0.358914	0.396803	0.491908	0.011086	-0.307105	0.418093	0.353184	0.122740	-0.287111	0.167300	0.604766	0.669891	-0.124063	-0.280418	0.150100	0.394076	0.380127	-0.031876
YMR207C	87/NFE8	-0.226234	0.481383	0.410192	0.443693	-0.073720	-0.203568	0.392652	0.657867	-0.017312	-0.279319	0.685823	0.549967	0.629447	-0.053245	-0.186937	0.293428	0.446371	0.284504	-0.013063
YGR077C	36/NOJ4	-0.150497	0.300587	0.582140	0.381351	0.157486	-0.190252	0.434514	0.585513	0.037573	-0.224094	0.238200	0.814159	0.621780	0.203543	-0.223432	0.408602	0.768484	0.310967	0.014669
YDR464W	60/GMO3	-0.220119	0.407516	0.015160	0.579232	-0.177456	-0.274270	0.646884	0.085485	-0.109816	-0.167743	0.442563	-0.038468	0.710941	-0.226621	-0.303638	0.500666	0.237085	0.680239	-0.111089
YBR129C	51/ETB8	-0.043391	0.328300	0.094535	0.589965	-0.111518	-0.051268	0.369989	0.151485	-0.135683	0.012517	0.435777	0.089527	0.670189	-0.155712	-0.096947	0.230382	0.032647	0.629815	-0.060021
YBR185C	04/RBA0	0.015665	0.292859	0.339930	0.536179	-0.074236	-0.022601	0.401702	0.392566	-0.098259	-0.104579	0.513981	0.312697	0.798027	-0.176219	0.084515	0.595661	0.186852	1.194153	-0.121368
YPL128C	78/BGQ6	-0.134848	0.433481	0.335178	0.463907	-0.126536	-0.167203	0.362092	0.311366	-0.132794	-0.164229	0.494238	0.464080	0.463201	-0.113040	-0.141003	0.483800	0.269633	0.656175	-0.076637
YPR138C	20/SNV6	-0.374387	0.404873	0.470399	0.514858	-0.368265	-0.371661	0.474832	0.509732	-0.362934	-0.378220	0.635557	0.342528	0.573054	-0.377157	-0.372671	0.568481	0.267654	0.651470	-0.374829
YGR119C	36/MYG1	-0.042578	0.381013	0.586889	0.202368	-0.243657	0.045092	0.585389	0.422482	-0.205106	-0.119246	0.621603	0.636950	0.234490	-0.204602	0.084659	0.639107	0.254612	0.006913	-0.142969
YDL029W	27/BVC7	-0.017487	0.428829	0.435293	0.559158	-0.193616	0.072693	0.691833	0.662171	-0.214965	0.055383	0.624419	0.670945	0.539670	-0.206235	0.101889	0.975482	0.583174	0.353021	-0.234603
YEL011W	23/LCN8	0.009727	0.464568	0.430772	0.599834	-0.232370	0.006012	0.731301	0.436349	-0.227703	-0.111603	0.538342	0.312645	0.838132	-0.189503	-0.100798	0.470501	0.695466	0.344506	-0.276437
YLR200W	15/FEI3	0.106873	0.174365	0.252091	0.381489	-0.209920	-0.059952	0.296055	0.240441	-0.271228	0.121231	0.347105	0.179626	0.274237	-0.156027	-0.162982	0.140103	0.407375	0.221727	-0.304664
YJR097W	83/GRP5	0.130174	0.451731	0.452586	0.504292	-0.282031	0.007741	0.264061	0.303260	-0.274987	0.060666	0.708059	0.186400	0.246552	-0.299629	0.040190	0.084020	0.290030	0.587025	-0.307845
synth334	35/SEG8	0.360355	0.508794	0.331232	0.528820	-0.259379	0.303820	0.406312	0.384386	-0.282146	0.279571	0.654510	0.159696	0.754471	-0.306971	0.381302	0.269511	0.405688	0.473270	-0.271973
YCR060W	83/TVL0	0.139177	0.288442	0.051916	0.511521	-0.234393	0.076186	0.401359	0.151211	-0.195762	0.020195	0.216129	0.113105	0.217854	-0.285463	0.178341	0.229017	0.228442	0.138794	-0.187639
YER110C	83/WJH6	0.230254	0.172091	0.567423	0.527214	-0.238357	0.155618	0.334188	0.370996	-0.218265	0.151024	0.091943	0.612005	0.591846	-0.251239	0.141003	0.369778	0.213266	0.589319	-0.251624
YFR046C	56/TRB4	-0.280622	0.163061	0.249940	0.274459	0.071124	-0.285905	0.314097	0.136613	0.081187	-0.252122	0.217766	0.258080	0.398122	-0.042161	-0.304191	0.362041	-0.016897	0.328672	0.112356
YNR063W	33/NUN6	-0.256068	0.124751	0.144950	0.377074	-0.371900	-0.233529	0.059978	0.210203	-0.367106	-0.302799	0.282088	0.203571	0.238334	-0.363349	-0.187043	0.013683	0.172244	0.773898	-0.356621
YJR050W	53/GCF5	-0.120495	-0.037266	0.231307	0.480570	-0.339329	-0.031486	-0.061156	0.332524	-0.354379	-0.163222	0.034504	0.078053	0.278429	-0.333428	-0.022924	-0.085157	0.471213	0.568323	-0.369672
YBR278W	06/CTL1	-0.301806	0.057886	0.530066	0.590192	-0.305125	-0.275232	0.136266	0.570449	-0.290617	-0.301438	0.100851	0.436156	0.394231	-0.292618	-0.279281	0.135716	0.445749	0.499746	-0.289597
YFR014C	43/XOA5	-0.091492	0.059202	0.135798	0.528407	-0.194747	-0.182860	0.018145	0.235922	-0.227519	-0.140907	0.076645	0.092675	0.622288	-0.164325	-0.166386	-0.013730	0.054977	0.612957	-0.181373
YDR448W	41/QWM5	-0.336773	-0.191972	0.082162	0.194900	-0.345335	-0.353369	-0.244899	0.161905	-0.330254	-0.353534	-0.131950	0.120043	0.338717	-0.347561	-0.352596	-0.241231	0.266191	0.273707	-0.349315
YNR032W	88/CKI2	-0.273471	-0.120830	0.235546	0.302713	-0.377313	-0.270252	-0.058723	0.252615	-0.382985	-0.295618	-0.158014	0.077788	0.450602	-0.379219	-0.266247	-0.044301	0.080180	0.154928	-0.380322
YDL197C	66/CGP8	-0.239742	0.094936	0.488548	0.304442	-0.398740	-0.248045	0.203261	0.187359	-0.399122	-0.249485	-0.004651	0.384791	0.476001	-0.399112	-0.258215	0.231864	0.145738	0.089370	-0.399215
YGL247W	16/SOP7	-0.085228	-0.003421	0.086249	0.041720	-0.243199	-0.128081	0.074712	0.077208	-0.242409	-0.011139	-0.102898	0.178221	0.060362	-0.244357	-0.173777	-0.022314	0.103932	0.021306	-0.280677
YGR087C	07/EDI4	-0.037553	0.203935	-0.006945	0.147647	-0.264638	0.043601	0.059433	0.011119	-0.273427	-0.157723	0.205002	0.046500	0.202534	-0.249946	0.076337	0.183009	0.079205	0.110110	-0.238731
YAR018C	48/DGJ6	-0.092620	0.427076	0.075340	0.210829	-0.179643	-0.099934	0.155617	0.038365	-0.128736	-0.016309	0.162906	0.182013	0.025994	-0.199902	-0.057373	-0.014452	-0.014841	0.070679	-0.087442
YFL053W	60/DSW8	-0.239992	0.005183	0.328872	-0.124335	-0.314626	-0.258668	0.133527	0.240253	-0.333416	-0.278277	-0.120507	0.096060	-0.110987	-0.326935	-0.257495	0.139146	0.197316	-0.061228	-0.326711
YDL103C	83/FFX1	-0.355620	0.207106	0.296017	-0.179571	-0.258201	-0.354491	7.426736	0.303749	-0.297276	-0.352759	0.183963	0.475102	-0.170208	-0.242828	-0.341709	0.086106	0.307574	-0.303299	-0.327961
YJL195C	32/MHF1	-0.291436	0.379900	0.373342	-0.239400	-0.159754	-0.275848	0.594579	0.271678	-0.191860	-0.280043	0.183852	0.220806	-0.200909	-0.190483	-0.297171	0.334597	0.381966	-0.315670	-0.245961
YHR067W	77/EWO0	-0.260648	0.597386	0.088067	-0.285049	-0.134279	-0.281649	0.329873	0.219283	-0.224112	-0.239092	0.360640	0.126149	-0.249827	-0.153543	-0.273406	0.306291	0.252968	-0.278869	-0.182274
YKL062W	72/OQG8	-0.258145	0.444450	0.303406	-0.092857	-0.091159	-0.271463	0.305524	0.339113	-0.181036	-0.281085	0.693383	0.311735	-0.166125	-0.190768	-0.291496	0.065697	0.536842	-0.122789	-0.242719
YFR010W	23/MJW5	-0.296502	0.560414	0.176614	0.005060	-0.378114	-0.311323	0.588856	0.070719	-0.380089	-0.270906	0.629768	0.111416	-0.117603	-0.384337	-0.305278	0.422559	-0.072540	-0.002089	-0.385689
YBL062W	40/MNX0	-0.048809	0.461600	0.321210	-0.162097	0.112796	-0.138004	0.271251	0.129570	-0.004634	-0.092980	0.715347	0.199538	-0.186886	-0.051955	-0.193787	0.378857	0.052936	-0.191539	0.058869
YGL025C	07/ORK3	-0.156567	0.172707	0.192314	0.059678	0.097813	-0.191729	0.256953	0.167551	0.137429	-0.218984	0.286716	0.285977	0.022258	-0.066589	-0.179407	0.303277	0.055397	-0.075559	0.103548
YGR237C	07/ANM3	0.020876	0.525553	0.589507	-0.307883	0.082424	-0.093643	0.669842	0.894031	0.156944	0.047580	0.621609	0.650837	-0.293044	-0.020934	-0.095318	0.936761	1.221504	-0.327404	0.206797
YJL202C	17/IOP8	0.009777	0.334098	0.415287	-0.063722	0.145224	0.076011	0.304968	0.369134	0.184312	0.068688	0.477585	0.505606	-0.126656	0.011192	0.143148	0.221850	0.531426	-0.015054	0.024976
YKR074W	76/IVR4	-0.213847	0.256449	0.302677	-0.017753	0.272940	-0.223518	0.342557	0.459596	0.149446	-0.214535	0.371430	0.512945	-0.012155	0.243026	-0.173832	0.412420	0.495866	0.030997	0.037538
YBL018C	05/IJY4	-0.008340	0.351752	0.516345	0.130008	0.159837	-0.080742	0.223258	0.672657	0.120098	0.028110	0.100675	0.495194	0.147520	0.193973	0.007278	0.115775	0.905383	0.348109	-0.001949
YGR021W	02/JEI3	-0.197819	0.591001	0.381576	-0.356932	0.447202	-0.212738	0.307586	0.335395	0.232773	-0.215397	0.267620	0.226139	-0.367902	0.639618	-0.234369	0.420931	0.542962	-0.361227	0.202348
YER040W	60/AJG6	0.182466	0.397812	0.251730	-0.235684	-0.019930	0.137651	0.300820	0.323529	0.077294	0.042820	0.297130	0.257435	-0.236958	0.096243	0.118843	0.505723	0.126932	-0.253368	0.192795
YGL213C	38/ETE2	0.204718	-0.051777	0.530674	-0.310982	-0.244072	0.186551	-0.114839	0.445343	-0.246473	0.230830	-0.032744	0.697454	-0.333808	-0.208778	0.359473	-0.193682	0.432150	-0.311207	-0.206549
YGR031W	04/TWU6	0.400353	-0.057021	0.569926	-0.234646	-0.345478	0.192533	0.012608	0.619035	-0.336399	0.403537	0.010446	0.805785	-0.260527	-0.341836	0.286750	0.103758	0.809292	-0.199682	-0.354997
YNR041C	48/FJG2	0.372540	-0.063933	0.450304	-0.097794	-0.265086	0.515867	-0.068568	0.531424	-0.225968	0.171359	-0.022463	0.682030	-0.026382	-0.233511	0.583101	-0.060111	0.705212	-0.085376	-0.211574
YMR188C	73/TBA4	0.566333	-0.045318	0.468834	0.143291	-0.121460	0.457264	-0.101223	0.557749	-0.118355	0.325196	-0.090094	0.272340	0.087569	-0.176961	0.539030	-0.090852	0.855194	0.173400	-0.190288
YER036C	33/NTN5	0.327585	0.106340	0.581081	0.129117	-0.053941	0.125658	0.136164	0.326465	-0.032150	0.140323	-0.035418	0.813139	0.062552	0.031076	0.035033	-0.020680	0.176879	-0.016306	-0.077624
YGR265W	28/OSE1	0.368318	0.411082	0.484942	0.541607	-0.057384	0.600867	0.137433	0.644808	-0.080923	0.131189	0.593405	0.613511	0.363377	-0.075499	0.308756	0.019088	0.959000	0.365060	-0.107478
YJR061W	54/EXB7	0.294509	0.328657	0.576705	0.448667	0.019145	0.471314	0.432714	0.743468	-0.105844	0.309620	0.519989	0.317086	0.219120	0.111344	0.406473	0.507662	0.457849	0.226709	-0.195770
YDR388W	01/BTK3	0.335575	0.425498	0.414275	0.015161	-0.043928	0.164225	0.207176	0.612249	-0.155529	0.516296	0.400468	0.444258	-0.026188	0.016386	0.161490	0.118604	0.770713	-0.043385	-0.117357
YPL140C	10/UBB6	0.534221	0.457418	0.482478	0.346470	-0.191685	0.526150	0.624103	0.330082	-0.217033	0.287307	0.707467	0.619314	0.186646	-0.206231	0.283630	0.803524	0.224774	0.662139	-0.225548
YGR012W	62/KBT8	0.467575	0.284441	0.359517	0.329682	-0.376707	0.645094	0.305221	0.302850	-0.369732	0.499916	0.132264	0.567178	0.151545	-0.369770	0.299380	0.330608	0.423475	0.152800	-0.373352
YNL086W	60/OJW7	0.362153	0.575257	0.018571	0.267218	-0.363524	0.217548	0.661996	0.129710	-0.359388	0.295046	0.586603	-0.014682	0.086099	-0.366164	0.235099	0.940953	0.183578	-0.012154	-0.368313
YER037W	23/YKW5	0.276934	0.473401	0.198103	-0.291885	-0.299781	0.225610	0.689972	0.064686	-0.311723	0.206986	0.743611	0.096460	-0.296599	-0.275427	0.225058	0.846297	0.188416	-0.313904	-0.335463
YER014W	70/SAH4	0.164285	0.478305	0.553642	-0.375469	-0.269199	0.210874	0.547360	0.642824	-0.286675	0.036853	0.502311	0.398687	-0.372464	-0.303366	0.134008	0.329270	0.582472	-0.377775	-0.262918
YEL010W	73/HER3	0.114625	0.396214	0.444986	-0.126995	-0.286164	0.171074	0.311677	0.596380	-0.312533	0.159636	0.319048	0.388539	-0.156538	-0.293589	0.026589	0.468358	0.727752	-0.205259	-0.327263
YGR179C	16/QEL5	0.018664	0.503818	0.590578	-0.079532	-0.094534	0.056704	0.235679	0.658655	-0.137865	-0.044189	0.566047	0.600312	-0.172475	-0.149689	0.119656	0.392584	0.583148	-0.205311	-0.185989
YKL054C	27/WGJ0	0.278412	0.459181	0.515653	-0.153242	-0.301397	0.231373	0.675611	0.732058	-0.292733	0.408463	0.724120	0.603054	-0.179348	-0.295187	0.318530	0.817119	0.366298	-0.192299	-0.264282
YJL086C	80/QVE3	0.085301	0.484542	0.532413	-0.324970	-0.330551	0.061505	0.451933	0.299009	-0.339147	0.179776	0.192362	0.390869	-0.345820	-0.346102	0.111370	0.633329	0.368150	-0.333976	-0.337775
YFR006W	33/TXJ0	-0.033720	0.203077	0.197506	-0.307217	-0.081590	-0.003187	0.229332	0.265092	-0.179118	-0.026563	0.185911	0.354884	-0.315577	-0.038709	0.103020	0.117538	0.147327	-0.318243	-0.249396
YDR337W	14/DIE0	0.296856	0.226606	0.247152	-0.128074	-0.305934	0.126826	0.101573	0.287993	-0.329572	0.467088	0.411659	0.417188	-0.211873	-0.312145	0.026727	0.013930	0.347317	0.001066	-0.333221
YJL182C	80/XRB7	0.185688	-6.023731	0.107397	-0.044280	-0.228643	0.017888	-0.021155	0.219713	-0.204232	0.336884	0.013907	0.224543	-0.109776	-0.239990	-0.094841	0.071866	0.339149	-0.133934	-0.244613
YGR030C	42/ECN2	0.015220	0.115435	0.090679	-0.292529	-0.275382	0.069454	0.149046	0.097143	-0.305509	0.146350	0.152423	0.204373	-0.265498	-0.292851	0.030822	0.042431	0.220698	-0.306479	-0.295991
YBR183W	63/VUS3	0.257351	0.421697	0.297098	-0.145931	-0.157120	0.428136	0.282305	0.232597	-0.096548	0.213361	0.646726	0.264654	-0.231466	-0.179372	0.564057	0.089542	0.144653	-0.216185	-0.048992
YKR045C	25/JDI1	-0.157065	-0.152913	0.587664	-0.257889	0.045343	-0.207099	-0.153382	0.700591	-0.103174	-0.139591	-0.180310	0.411175	-0.258188	-0.002264	-0.264757	-0.104567	0.810610	-0.291149	-0.063370
YBL046W	88/AEU4	0.067069	0.043949	0.598001	-0.314319	-0.029945	0.085130	-0.104757	0.769405	0.002578	-0.022042	-0.041868	0.538084	-0.296497	-0.012836	0.109209	-0.148507	0.477258	-0.347351	0.025407
YFR003C	68/VNN6	-0.172265	-0.022606	0.472479	-0.392377	-0.112516	-0.104358	0.032363	0.203589	-0.129120	-0.218054	-0.116390	0.742703	-0.390968	-0.070963	-0.094479	-0.033025	0.156404	-0.392979	-0.134339
YDL106C	62/FMF8	-0.132875	0.084268	0.436164	-0.310612	0.332941	-0.161002	0.023206	0.296417	0.230183	-0.142948	-3.020914	0.592814	-0.331048	0.304445	-0.135915	0.141172	0.266452	-0.272384	0.019264
YBR083W	16/HQS1	-0.321060	0.143470	0.353384	-0.244316	0.118376	-0.325730	0.007271	0.247644	0.276493	-0.329479	0.105749	0.504591	-0.286121	0.086848	-0.343334	0.120896	0.237462	-0.266851	0.240735
YAL035W	15/AEH0	-0.342900	-0.003916	0.401825	-0.017350	0.092810	-0.329626	-0.131570	0.367746	0.002585	-0.336092	-0.048917	0.657716	0.015576	0.247325	-0.316690	-0.139426	0.339752	-0.083041	0.090457
YAL020C	16/AXM0	-0.263767	0.172693	0.315129	-0.018065	0.045977	-0.290897	0.087884	0.279833	0.139971	-0.227658	0.119880	0.153235	-0.069669	0.073632	-0.294589	-0.046671	0.406225	0.125438	0.033604
YGR053C	64/MTS3	-0.211029	-0.315531	0.519745	-0.304950	-4.596257	-0.274873	-0.335892	0.246483	0.094740	-0.256173	-0.331577	0.223878	-0.322387	0.033716	-0.259799	-0.324451	0.324369	-0.282565	0.085080
YAL011W	48/FBK1	-0.081003	0.013822	0.483616	0.346359	-0.016830	0.005579	-0.038522	0.519501	0.005225	-0.132424	-0.045640	0.594393	0.437994	-0.109898	-0.077551	-0.004693	0.453797	0.489399	-0.073212
YER140W	47/QFS3	0.037323	-0.294339	0.544626	0.524586	-0.279288	-0.101646	-0.263235	0.797105	-0.241800	0.100481	-0.295604	0.846622	0.689631	-0.240955	-0.065586	-0.285990	0.624861	0.658715	-0.211021
YIR004W	85/DIO2	0.247585	-0.350398	0.530392	0.493768	-0.286348	0.225977	-0.355499	0.701276	-0.258057	0.352981	-0.363394	0.696654	0.654232	-0.262284	0.029209	-0.361731	1.017769	0.044708	-0.221860
YJL110C	87/VXV2	-0.152477	-0.140440	0.297313	0.242109	-0.108821	-0.204002	-0.141077	0.371745	-0.085456	-0.208621	-0.075207	0.366591	0.112422	-0.157035	-0.244321	-0.118587	0.396230	0.041795	-0.095998
YPR178W	04/XIJ1	-0.124624	-0.135758	0.568411	0.226319	-0.180269	-0.167974	-0.148228	0.448789	-0.194232	-0.037641	-0.122136	0.680420	0.191363	-0.202716	-0.181691	-0.111013	0.506486	0.020832	-0.199921
YIR027C	56/BGT3	-0.179310	-0.185442	0.590988	0.233263	-0.125599	-0.200449	-0.131374	0.893551	-0.083768	-0.110475	-0.241324	0.426666	0.172985	-0.068025	-0.201006	-0.100241	0.852106	0.013755	-0.087858
YBR021W	15/WRB2	-0.169983	-0.077873	0.318927	-0.015229	-0.062737	-0.191970	-0.117663	0.278102	-0.152053	-0.150806	-0.143811	0.332465	0.053437	-0.149005	-0.184904	-0.179954	0.254531	-0.170051	-0.168315
YER154W	86/XIK8	-0.028852	-0.385057	0.260624	4.994421	-0.116190	0.080344	-0.382400	0.414539	-0.190163	-0.095933	-0.386754	0.346474	0.086989	-0.176430	0.203928	-0.377148	0.326351	0.044771	-0.214997
YNL133C	12/CWD6	-0.236299	-0.335204	0.252235	0.149905	-0.122599	-0.204760	-0.339196	0.191336	-0.088744	-0.231143	-0.328919	0.031337	0.080520	-0.149051	-0.148620	-0.347634	0.096233	0.374687	0.009033
